100
4 2
5 2
6 2
1000 1000
1000 1
805257 667452
443993 406958
500000 1
500000 258658
500000 262143
568238 495192
4 1
999999 499998
576402 534990
999999 499999
500000 237856
276772 260902
358686 319530
500000 499999
1000000 2
1000000 999999
3 2
999999 128
514550 508984
1000000 499999
567478 556131
999999 475712
999999 499997
1000000 127
1000000 524288
822186 647094
279709 212141
500000 131071
999999 999999
999999 504663
986953 780851
999999 127
374669 314301
612353 531777
726428 713376
500000 198012
607671 567507
779937 651653
365914 275401
500000 131072
999999 354754
2 1
322334 305896
673270 586858
625033 579745
500000 127
1000000 262144
500000 249999
1000000 499998
1000000 500000
1000000 448228
999999 262144
999999 524288
894968 706025
1000000 128
1 1
1000000 1000000
500000 128
252707 214104
437410 391522
654544 547204
386168 320691
1000000 1
628022 582829
999999 475711
5 1
255815 198459
1000000 475712
307631 291156
999999 524287
500000 500000
460581 417901
500000 2
1000000 500067
960106 873700
838132 667241
1000000 262143
417611 348675
2 2
500000 237857
641858 537816
1000000 475713
500000 249998
503916 397848
500000 262144
942159 826322
999999 2
999999 1
999999 262143
999999 999998
402343 323728
1000000 524287
524525 522709
500000 250000
3 1
