100
4 2
5 2
6 2
1000 1000
1000 1
4 1
999999999999999999 423539247696576511
500000000000000000 143775628053610777
999999999999999999 999999999999999999
420533770226748255 321853248152379309
999999999999999999 425415493137377619
999999999999999999 127
500000000000000000 211769623848288256
384057156044005167 379388454992764465
545627997902534263 453997011755750508
500000000000000000 250000000000000000
899363621089154341 846769149246790381
390645309692523457 295554142946304118
574853907397076035 521644891756377866
640348061129321132 573180104287522517
999999999999999999 128
898442144972128301 782243808526058576
3 1
5 1
1000000000000000000 1
999999999999999999 288230376151711744
500000000000000000 235544291091281811
999999999999999999 1
999999999999999999 576460752303423487
678026186008126164 652014439159833632
3 2
1000000000000000000 500000000000000000
808657338387952872 700106342651202751
827921047661767843 776532240271042612
928686069248676285 856586261281047383
999999999999999999 2
999999999999999999 499999999999999997
1000000000000000000 423539247696576513
813137782753538240 611589377817661609
396132104099415114 346283276256683041
1000000000000000000 284672621538018206
500000000000000000 249999999999999999
1000000000000000000 128
1000000000000000000 576460752303423487
1000000000000000000 499999999999999998
331424349898715120 306428313817363427
1000000000000000000 389762307259759084
500000000000000000 144115188075855871
1000000000000000000 999999999999999999
909810371657351697 682575186314977990
1000000000000000000 288230376151711744
722574754076614189 591328799356765563
826060031007040457 739953512530819266
285231618183177118 231946883148927395
1000000000000000000 288230376151711743
324387038934190067 256927817038412196
574292159155888002 455262525710548463
999999999999999999 499999999999999998
2 1
1000000000000000000 484918064836341120
999999999999999999 576460752303423488
644836182361673937 498791853440088839
500000000000000000 249999999999999998
500000000000000000 144115188075855872
1000000000000000000 127
500000000000000000 500000000000000000
1000000000000000000 423539247696576512
543812607310243856 436712558879276190
730973263947592111 640967957453466111
577633789681674958 537615238854281895
999999999999999999 499999999999999999
368578973449927757 318570828655719299
999999999999999999 284944488418958725
999999999999999999 999999999999999998
992406422498640750 990084772297334461
2 2
999999999999999999 423539247696576512
476680958622041329 404899655994002110
999999999999999999 288230376151711743
1000000000000000000 2
500000000000000000 499999999999999999
1000000000000000000 1000000000000000000
914511996733079564 852973012027633275
502940469944568579 391027123809140632
500000000000000000 1
500000000000000000 127
500000000000000000 211769623848288257
829821310962786803 759103406803512463
500000000000000000 2
795387489905562336 652403344769540407
500000000000000000 288230376151711744
1 1
500000000000000000 288230376151711743
717013958987303886 577425551960757120
999999999999999999 415772852478933819
1000000000000000000 576460752303423488
1000000000000000000 499999999999999999
500000000000000000 200451856565631134
500000000000000000 128
289363751599368199 226166590877389731
