100
4 2
5 2
6 2
1000 1000
1000 1
2 1
500 244
613 502
999 357
999 127
799 600
999 499
506 423
368 298
999 256
1000 2
612 532
999 998
3 2
505 409
500 2
999 511
728 559
999 2
937 710
500 248
999 255
360 278
943 716
999 502
500 127
485 456
780 667
782 668
500 256
500 116
1000 489
836 819
1000 999
540 481
5 1
1000 498
1000 501
1000 459
500 1
999 488
999 498
500 201
825 664
683 543
387 304
500 254
500 249
629 550
964 763
503 444
1000 511
500 250
1000 500
512 402
720 600
500 499
4 1
1 1
275 206
515 496
999 999
1000 499
999 487
670 667
747 698
500 500
999 1
1000 128
1000 488
986 802
999 512
257 220
2 2
1000 255
366 339
3 1
781 656
373 326
500 114
603 547
327 261
1000 512
500 117
1000 256
413 363
500 128
1000 127
999 497
337 324
490 463
999 128
500 255
500 245
844 733
