60000
0
1 89959 89960
2 86293 86294
3 89861 89862
4 88595 88596
5 89849 89850
6 88986 88987
7 89672 89673
8 89696 89697
9 89998 89999
10 81087 81088
11 88496 88499
12 89895 89896
13 88704 88705
14 83518 83520
15 85799 85800
16 79427 79428
17 83225 83226
18 82774 82775
19 78852 78853
20 79664 79665
21 64943 64945
22 59378 59379
23 84899 84900
24 52801 52802
25 60601 60602
26 41389 41392
27 78065 78067
28 63127 63128
29 42070 42071
30 61249 61250
31 32454 32455
32 71241 71242
33 38318 38319
34 75829 75831
35 29618 29619
36 65692 65693
37 52916 52918
38 8662 8664
39 60807 60810
40 29394 29395
41 77614 77616
42 11960 11966
43 22397 22398
44 19754 19755
45 657 659
46 56210 56212
47 41310 41314
48 7257 7259
49 89237 89238
50 88820 88822
51 88061 88062
52 84913 84914
53 87499 87500
54 83325 83326
55 85564 85565
56 78362 78364
57 84062 84063
58 85498 85499
59 83418 83419
60 77250 77251
61 84857 84858
62 83373 83375
63 83360 83362
64 82903 82906
65 85808 85809
66 88462 88464
67 78495 78497
68 87458 87459
69 83335 83336
70 74920 74921
71 81051 81052
72 84347 84348
73 81532 81534
74 77358 77360
75 85649 85650
76 86814 86815
77 84172 84174
78 89433 89434
79 65847 65848
80 82601 82602
81 73233 73234
82 65298 65299
83 82279 82280
84 81933 81936
85 75178 75179
86 66378 66380
87 82922 82923
88 80840 80841
89 74415 74416
90 79090 79092
91 53789 53790
92 54068 54072
93 73317 73320
94 73991 73992
95 80093 80094
96 79989 79991
97 80409 80411
98 79454 79455
99 80351 80353
100 78515 78516
101 74912 74913
102 77329 77331
103 76827 76830
104 73165 73166
105 79924 79925
106 67566 67568
107 74125 74126
108 75925 75926
109 72288 72289
110 66419 66420
111 61789 61792
112 79783 79785
113 53054 53055
114 65769 65770
115 57172 57173
116 42947 42949
117 78730 78734
118 54672 54673
119 67487 67488
120 77061 77062
121 57245 57246
122 67638 67639
123 64535 64536
124 81838 81839
125 73391 73393
126 69649 69653
127 66734 66735
128 73862 73864
129 61345 61346
130 71099 71100
131 64637 64640
132 73100 73101
133 74727 74731
134 70392 70393
135 69469 69470
136 65734 65735
137 67814 67815
138 65365 65366
139 69672 69673
140 51266 51268
141 65223 65224
142 67414 67415
143 64415 64416
144 57299 57301
145 40622 40623
146 58684 58687
147 62011 62012
148 62565 62566
149 68481 68482
150 69763 69764
151 52133 52134
152 63489 63491
153 51221 51222
154 72583 72584
155 62770 62771
156 51157 51159
157 47169 47171
158 73928 73929
159 53079 53080
160 49280 49281
161 63481 63482
162 45937 45938
163 65467 65468
164 50381 50382
165 58927 58928
166 48193 48194
167 52367 52368
168 55420 55421
169 41040 41042
170 50317 50319
171 42634 42637
172 62439 62441
173 32157 32159
174 74040 74043
175 56037 56040
176 58324 58325
177 57837 57838
178 43538 43540
179 43023 43024
180 67622 67623
181 45856 45857
182 54880 54881
183 70706 70707
184 32409 32411
185 49386 49387
186 41857 41858
187 55196 55197
188 44035 44037
189 40854 40856
190 43439 43441
191 48818 48819
192 54385 54386
193 42938 42939
194 42062 42063
195 59590 59591
196 42123 42124
197 47776 47778
198 43299 43300
199 49923 49924
200 76938 76939
201 86735 86737
202 86220 86223
203 89482 89483
204 89046 89047
205 87447 87448
206 87180 87181
207 87152 87153
208 78973 78975
209 81526 81527
210 88236 88239
211 87583 87585
212 89439 89440
213 87117 87118
214 84399 84400
215 85349 85351
216 83130 83131
217 87413 87414
218 84834 84836
219 78295 78296
220 88028 88029
221 88527 88528
222 87746 87747
223 86575 86576
224 77765 77766
225 85854 85855
226 87759 87760
227 86776 86778
228 84359 84360
229 87596 87598
230 86263 86264
231 89005 89007
232 87990 87991
233 85718 85719
234 88988 88989
235 88396 88397
236 87792 87795
237 85712 85713
238 85542 85544
239 86635 86637
240 86584 86586
241 78031 78032
242 88243 88244
243 87025 87030
244 84268 84269
245 83730 83732
246 87516 87518
247 84930 84931
248 82082 82083
249 77951 77953
250 54923 54924
251 85321 85328
252 82598 82599
253 84098 84102
254 85709 85710
255 85329 85332
256 70123 70124
257 84696 84698
258 69083 69084
259 83840 83841
260 85185 85186
261 81497 81498
262 82783 82784
263 86315 86316
264 75647 75648
265 86406 86407
266 82001 82003
267 86748 86749
268 81189 81192
269 78237 78238
270 72308 72309
271 85370 85372
272 81536 81537
273 85714 85715
274 75758 75762
275 83553 83554
276 81333 81334
277 79930 79932
278 78025 78027
279 84668 84669
280 71555 71556
281 84067 84068
282 82928 82929
283 81884 81885
284 80403 80405
285 83193 83194
286 83467 83468
287 87547 87552
288 79269 79270
289 75261 75263
290 83227 83230
291 85739 85740
292 70885 70887
293 80523 80524
294 78571 78572
295 83872 83875
296 81967 81968
297 82897 82900
298 76094 76095
299 83838 83839
300 76774 76775
301 82543 82544
302 85478 85479
303 80438 80439
304 80960 80961
305 84673 84675
306 77527 77528
307 78473 78474
308 79571 79572
309 80528 80529
310 82478 82481
311 76612 76617
312 82343 82344
313 82163 82164
314 66033 66034
315 70536 70538
316 75444 75445
317 85566 85568
318 78877 78878
319 65957 65960
320 85408 85409
321 61005 61006
322 75176 75177
323 77276 77277
324 74152 74153
325 81566 81567
326 81145 81147
327 83201 83202
328 75197 75198
329 62881 62883
330 80449 80450
331 84331 84332
332 58069 58071
333 79265 79266
334 79940 79942
335 75319 75320
336 79001 79002
337 80370 80371
338 78940 78941
339 71858 71859
340 75346 75348
341 75133 75135
342 80610 80611
343 68234 68235
344 73605 73606
345 80845 80846
346 78490 78491
347 78255 78256
348 69804 69805
349 79057 79058
350 78857 78858
351 75930 75933
352 73133 73134
353 78171 78173
354 74844 74846
355 73453 73454
356 76946 76948
357 74831 74832
358 75994 75995
359 74545 74546
360 70964 70965
361 75227 75228
362 78615 78619
363 70011 70012
364 70711 70713
365 71942 71944
366 83297 83302
367 40980 40981
368 71517 71518
369 73707 73708
370 75598 75599
371 76600 76602
372 76417 76419
373 68038 68039
374 73437 73438
375 83425 83427
376 64089 64090
377 76343 76344
378 76019 76020
379 68904 68905
380 73171 73172
381 76258 76259
382 62486 62489
383 77135 77137
384 64400 64401
385 51477 51479
386 72853 72855
387 67731 67732
388 70305 70306
389 72781 72782
390 72761 72762
391 71204 71205
392 73515 73516
393 72164 72165
394 70455 70457
395 68679 68680
396 78518 78523
397 63666 63667
398 67368 67369
399 69482 69483
400 71656 71658
401 68694 68695
402 70878 70879
403 82195 82196
404 64165 64170
405 77032 77033
406 71252 71257
407 55109 55110
408 71304 71306
409 70079 70080
410 69789 69790
411 67366 67367
412 79475 79476
413 30156 30159
414 69148 69149
415 68745 68746
416 69548 69549
417 56330 56331
418 67446 67450
419 73867 73868
420 47970 47972
421 27992 27993
422 35646 35647
423 30942 30943
424 29807 29808
425 42284 42285
426 42579 42580
427 55281 55282
428 41908 41909
429 33608 33611
430 35162 35163
431 27694 27697
432 29508 29511
433 2268 2269
434 16658 16660
435 6221 6223
436 21374 21375
437 17464 17465
438 425 426
439 48976 48977
440 46295 46296
441 25470 25473
442 56519 56521
443 52956 52957
444 44347 44348
445 50311 50312
446 30657 30658
447 25465 25467
448 45594 45597
449 26940 26942
450 41535 41536
451 39178 39179
452 32640 32641
453 42822 42825
454 32384 32385
455 40011 40013
456 31366 31367
457 34288 34289
458 38204 38205
459 41885 41886
460 39121 39122
461 33825 33826
462 40330 40331
463 30508 30509
464 27402 27405
465 40537 40538
466 29803 29805
467 38518 38519
468 31926 31927
469 28978 28979
470 14493 14494
471 17244 17245
472 37937 37939
473 16091 16093
474 40130 40132
475 29950 29952
476 30335 30339
477 45137 45139
478 18796 18798
479 21168 21169
480 27869 27871
481 21879 21880
482 46006 46007
483 8999 9000
484 26306 26307
485 31601 31602
486 29867 29868
487 27634 27636
488 30049 30051
489 36970 36971
490 68692 68693
491 68211 68212
492 87374 87375
493 59940 59941
494 78283 78284
495 31729 31733
496 59328 59330
497 68058 68060
498 59975 59976
499 65729 65730
500 68478 68480
501 49074 49076
502 76150 76151
503 61343 61344
504 68770 68771
505 73646 73649
506 69172 69173
507 65460 65461
508 67854 67856
509 67474 67475
510 60764 60765
511 67022 67023
512 66054 66055
513 67024 67025
514 66817 66818
515 74499 74500
516 60339 60340
517 66358 66361
518 66260 66261
519 63902 63903
520 64117 64123
521 78195 78196
522 33373 33376
523 64678 64681
524 65360 65361
525 53154 53155
526 58215 58218
527 61155 61156
528 66932 66933
529 61452 61454
530 60054 60055
531 58222 58223
532 62178 62180
533 56276 56277
534 67683 67684
535 65680 65681
536 48562 48563
537 64437 64442
538 51648 51649
539 66248 66249
540 60852 60853
541 68990 68991
542 57389 57391
543 80423 80426
544 61765 61767
545 64300 64302
546 58970 58971
547 67137 67138
548 51053 51059
549 63551 63552
550 57805 57806
551 58856 58857
552 65243 65244
553 48259 48260
554 65814 65815
555 64376 64377
556 46626 46627
557 57680 57683
558 64755 64757
559 58299 58300
560 68503 68504
561 57664 57665
562 63960 63962
563 75290 75295
564 50986 50987
565 60231 60234
566 48301 48303
567 62895 62896
568 60896 60897
569 57783 57784
570 68249 68250
571 56283 56284
572 56147 56148
573 64260 64263
574 52914 52915
575 60631 60639
576 55814 55818
577 64899 64902
578 56172 56173
579 53045 53046
580 57472 57473
581 50261 50262
582 55126 55129
583 56345 56348
584 52764 52766
585 51607 51608
586 53856 53857
587 66156 66157
588 54327 54329
589 64793 64794
590 55289 55290
591 60169 60171
592 60780 60781
593 68036 68037
594 60841 60843
595 58777 58782
596 56174 56176
597 55974 55975
598 62611 62613
599 58650 58651
600 57611 57612
601 12981 12982
602 24890 24891
603 24141 24143
604 27242 27243
605 18586 18588
606 32328 32329
607 29031 29032
608 20697 20698
609 18495 18496
610 24023 24024
611 27771 27773
612 25538 25541
613 30318 30320
614 25411 25412
615 40238 40240
616 50569 50571
617 55012 55013
618 57747 57748
619 54750 54751
620 55370 55371
621 57649 57651
622 42691 42692
623 54291 54293
624 53556 53559
625 55209 55210
626 54708 54709
627 51655 51656
628 54122 54123
629 55626 55627
630 51871 51872
631 54414 54415
632 57777 57778
633 53601 53602
634 49262 49265
635 54161 54162
636 53749 53751
637 54090 54091
638 63872 63873
639 49725 49727
640 38065 38066
641 43796 43797
642 50590 50592
643 56537 56538
644 46155 46157
645 53123 53124
646 55854 55855
647 55357 55358
648 38060 38061
649 52919 52920
650 54215 54216
651 54341 54342
652 63212 63213
653 47854 47855
654 52041 52042
655 46888 46892
656 53074 53075
657 54642 54644
658 42886 42887
659 55694 55695
660 41865 41867
661 57815 57816
662 33598 33599
663 52095 52096
664 58055 58057
665 51737 51741
666 47142 47143
667 52379 52380
668 54433 54435
669 51895 51897
670 50813 50815
671 50081 50082
672 50833 50834
673 53617 53618
674 51552 51553
675 45684 45685
676 50084 50085
677 50670 50672
678 52372 52374
679 47067 47068
680 51010 51011
681 51113 51116
682 70439 70443
683 35798 35799
684 45104 45105
685 18319 18321
686 48319 48321
687 55240 55241
688 35246 35247
689 36606 36607
690 42940 42944
691 54817 54818
692 40751 40752
693 55573 55575
694 40572 40573
695 42722 42723
696 47488 47490
697 46732 46737
698 55649 55650
699 41887 41888
700 24879 24881
701 25922 25923
702 23021 23023
703 18787 18791
704 22343 22344
705 16219 16220
706 18450 18451
707 18074 18076
708 13311 13313
709 13844 13845
710 19263 19264
711 20684 20685
712 18346 18349
713 12325 12327
714 32203 32205
715 10082 10083
716 23804 23806
717 12562 12563
718 10112 10113
719 4283 4284
720 22569 22570
721 13860 13862
722 7668 7669
723 39923 39925
724 45569 45571
725 45145 45146
726 43105 43110
727 47414 47415
728 67344 67345
729 42652 42653
730 47838 47842
731 49032 49033
732 50954 50956
733 51709 51710
734 47995 47996
735 47306 47308
736 39105 39106
737 46462 46463
738 56819 56821
739 28914 28916
740 44382 44385
741 44651 44652
742 49990 49991
743 44469 44470
744 42950 42952
745 47222 47227
746 40308 40309
747 50551 50552
748 46011 46012
749 42174 42176
750 40443 40444
751 53413 53415
752 27729 27730
753 48708 48709
754 33863 33864
755 49293 49296
756 43111 43112
757 46765 46766
758 43431 43433
759 49688 49689
760 41668 41670
761 38526 38527
762 38399 38400
763 45812 45813
764 39670 39671
765 50098 50099
766 17486 17487
767 35113 35114
768 46148 46149
769 36323 36326
770 35062 35063
771 17643 17645
772 44611 44612
773 45729 45730
774 41505 41506
775 50077 50078
776 42023 42024
777 40575 40576
778 37247 37248
779 45828 45829
780 36247 36249
781 34804 34806
782 46231 46233
783 43442 43445
784 43536 43537
785 34361 34362
786 44284 44285
787 46252 46253
788 40115 40116
789 35803 35804
790 33154 33155
791 42294 42295
792 44247 44248
793 43325 43328
794 38482 38483
795 46254 46256
796 31998 31999
797 30947 30948
798 40769 40770
799 33474 33477
800 40306 40307
801 32525 32526
802 35358 35360
803 24790 24791
804 42206 42208
805 45351 45352
806 34278 34279
807 37904 37905
808 41340 41344
809 30037 30038
810 44423 44424
811 53060 53061
812 27909 27910
813 37039 37040
814 29350 29351
815 40423 40424
816 20801 20804
817 45374 45375
818 39356 39357
819 45161 45163
820 32712 32713
821 34581 34582
822 46098 46099
823 22266 22267
824 49297 49298
825 33570 33571
826 34569 34570
827 29963 29964
828 32200 32201
829 38170 38171
830 41816 41817
831 29742 29743
832 31703 31704
833 32532 32534
834 35106 35107
835 35981 35984
836 44718 44719
837 33138 33140
838 13240 13243
839 4970 4971
840 7972 7977
841 13392 13393
842 13706 13707
843 22816 22817
844 11813 11814
845 1278 1280
846 18034 18035
847 24980 24981
848 1126 1127
849 18526 18527
850 507 508
851 16281 16282
852 16668 16669
853 12070 12071
854 16944 16947
855 29937 29939
856 15422 15425
857 10451 10454
858 33299 33300
859 33868 33869
860 21712 21713
861 37198 37199
862 31970 31971
863 37775 37776
864 34958 34959
865 36832 36833
866 28174 28176
867 34098 34099
868 25774 25775
869 31827 31829
870 44214 44215
871 25785 25786
872 37411 37412
873 29780 29781
874 34639 34640
875 43673 43677
876 24648 24649
877 30619 30624
878 33799 33800
879 30910 30914
880 33891 33894
881 30316 30317
882 30753 30754
883 41106 41107
884 28597 28598
885 50717 50718
886 7533 7534
887 38372 38373
888 25639 25640
889 29557 29559
890 59106 59107
891 86616 86618
892 89310 89312
893 88857 88859
894 87478 87480
895 89700 89704
896 88937 88941
897 89461 89463
898 89698 89699
899 86313 86314
900 89917 89918
901 89341 89342
902 89621 89622
903 89266 89269
904 89095 89096
905 89320 89322
906 89455 89457
907 86232 86235
908 87449 87450
909 88976 88977
910 88549 88550
911 88637 88638
912 87714 87715
913 86300 86301
914 89857 89860
915 89915 89916
916 88576 88577
917 86241 86242
918 86979 86981
919 88781 88782
920 82872 82874
921 87390 87391
922 87846 87849
923 85994 85997
924 89689 89690
925 82248 82249
926 88291 88292
927 87834 87835
928 81853 81854
929 89965 89966
930 74947 74948
931 87686 87687
932 89190 89195
933 85776 85777
934 89817 89818
935 86158 86159
936 88100 88101
937 86505 86508
938 85312 85314
939 87850 87852
940 89773 89774
941 87572 87573
942 87682 87685
943 89459 89460
944 83705 83706
945 85786 85787
946 86516 86517
947 85843 85845
948 83942 83944
949 88414 88415
950 89274 89275
951 86757 86758
952 85412 85414
953 89819 89820
954 59629 59631
955 88329 88331
956 86461 86463
957 89500 89503
958 82545 82547
959 88293 88294
960 85535 85536
961 88030 88032
962 84995 84997
963 86850 86851
964 82389 82391
965 82578 82579
966 83810 83812
967 87609 87611
968 83395 83396
969 88891 88892
970 73221 73222
971 86501 86502
972 86479 86480
973 89089 89090
974 81596 81598
975 85701 85703
976 84887 84890
977 85451 85453
978 82158 82160
979 80349 80350
980 86592 86593
981 83849 83851
982 83592 83593
983 84604 84605
984 86175 86176
985 84028 84029
986 86438 86439
987 85116 85120
988 84719 84721
989 85366 85367
990 89225 89227
991 84612 84613
992 83819 83820
993 89017 89018
994 74706 74707
995 87688 87689
996 84007 84009
997 76277 76278
998 84443 84444
999 78935 78938
1000 84326 84328
1001 88887 88890
1002 83790 83791
1003 86279 86281
1004 83023 83024
1005 83095 83096
1006 84220 84222
1007 83442 83443
1008 81281 81282
1009 89023 89024
1010 85050 85051
1011 82832 82834
1012 83348 83349
1013 87919 87920
1014 86765 86766
1015 84113 84114
1016 81842 81844
1017 81288 81289
1018 83288 83289
1019 81573 81575
1020 87106 87110
1021 73653 73654
1022 82703 82704
1023 80214 80215
1024 79369 79370
1025 82709 82710
1026 82901 82902
1027 81658 81659
1028 81370 81371
1029 86092 86093
1030 82065 82067
1031 79513 79514
1032 82791 82792
1033 79395 79396
1034 86795 86796
1035 77908 77910
1036 82963 82964
1037 73915 73917
1038 77338 77339
1039 83386 83387
1040 76625 76626
1041 86058 86059
1042 80171 80173
1043 82683 82684
1044 79059 79060
1045 81665 81666
1046 83164 83168
1047 87619 87620
1048 83078 83079
1049 77149 77151
1050 83013 83015
1051 82173 82174
1052 81620 81622
1053 86366 86367
1054 82994 82995
1055 75328 75329
1056 79604 79605
1057 82324 82325
1058 68398 68399
1059 86353 86354
1060 71985 71987
1061 79337 79338
1062 78035 78036
1063 89288 89289
1064 76013 76017
1065 82254 82255
1066 77841 77842
1067 81357 81358
1068 81899 81900
1069 80184 80185
1070 78145 78146
1071 82108 82109
1072 78449 78450
1073 79122 79125
1074 82262 82265
1075 80366 80367
1076 82220 82221
1077 80919 80921
1078 80338 80339
1079 74429 74433
1080 82013 82015
1081 73969 73970
1082 80395 80396
1083 79175 79176
1084 78317 78318
1085 82806 82807
1086 80924 80925
1087 81167 81169
1088 77228 77231
1089 82649 82650
1090 81961 81962
1091 77645 77646
1092 89564 89565
1093 76341 76342
1094 82047 82050
1095 84876 84878
1096 79238 79240
1097 78548 78550
1098 81036 81037
1099 73206 73207
1100 80121 80122
1101 74393 74395
1102 86036 86039
1103 78776 78777
1104 82668 82671
1105 75243 75245
1106 79100 79101
1107 79327 79328
1108 76606 76607
1109 76867 76868
1110 74700 74701
1111 76182 76183
1112 79902 79903
1113 82645 82647
1114 76681 76683
1115 80201 80202
1116 80264 80265
1117 76374 76375
1118 75382 75383
1119 80358 80359
1120 76546 76547
1121 79011 79012
1122 81741 81742
1123 74750 74753
1124 78315 78316
1125 75200 75201
1126 72316 72317
1127 77192 77193
1128 82665 82666
1129 75193 75194
1130 76577 76580
1131 75476 75477
1132 70172 70175
1133 85806 85807
1134 72514 72515
1135 78290 78291
1136 69958 69959
1137 73343 73345
1138 70602 70608
1139 75978 75979
1140 76753 76755
1141 67656 67658
1142 74743 74745
1143 80181 80182
1144 76679 76680
1145 81198 81199
1146 79845 79846
1147 73534 73535
1148 79606 79607
1149 78862 78863
1150 74746 74747
1151 70643 70645
1152 76038 76039
1153 74311 74316
1154 84279 84280
1155 70769 70770
1156 80537 80539
1157 82557 82558
1158 81351 81352
1159 75776 75777
1160 76717 76718
1161 81414 81415
1162 70081 70082
1163 78151 78152
1164 76997 76998
1165 78985 78986
1166 64460 64462
1167 74970 74974
1168 73629 73630
1169 77123 77124
1170 74130 74132
1171 73081 73082
1172 77274 77275
1173 67897 67900
1174 74262 74264
1175 79165 79166
1176 71496 71497
1177 85515 85516
1178 76461 76464
1179 74670 74671
1180 71157 71158
1181 73072 73073
1182 74896 74898
1183 74194 74196
1184 73128 73129
1185 70628 70629
1186 74542 74544
1187 73600 73601
1188 75296 75298
1189 77536 77537
1190 59495 59497
1191 67058 67059
1192 73650 73652
1193 72819 72821
1194 71653 71654
1195 76700 76702
1196 71398 71399
1197 77314 77315
1198 73664 73665
1199 71694 71700
1200 64953 64956
1201 71690 71691
1202 75341 75342
1203 71899 71902
1204 73003 73005
1205 69987 69988
1206 76104 76106
1207 63284 63286
1208 83303 83304
1209 69028 69029
1210 74790 74791
1211 77906 77907
1212 68193 68196
1213 72659 72661
1214 71047 71049
1215 71289 71290
1216 72266 72267
1217 64881 64883
1218 67964 67966
1219 76636 76637
1220 61436 61437
1221 64457 64459
1222 76529 76530
1223 69380 69381
1224 75947 75949
1225 64523 64526
1226 71474 71475
1227 74457 74458
1228 62229 62231
1229 67704 67705
1230 74122 74123
1231 70559 70560
1232 71470 71472
1233 73922 73923
1234 65818 65819
1235 72627 72628
1236 66216 66217
1237 72985 72988
1238 67745 67746
1239 68665 68666
1240 64849 64850
1241 69541 69543
1242 73636 73637
1243 68392 68394
1244 70370 70371
1245 75778 75779
1246 73208 73209
1247 66678 66679
1248 79964 79966
1249 70069 70072
1250 70609 70610
1251 69031 69032
1252 59073 59074
1253 68837 68840
1254 67532 67533
1255 70188 70189
1256 79723 79724
1257 66234 66235
1258 78865 78867
1259 74161 74163
1260 67997 67998
1261 69246 69249
1262 68536 68537
1263 70142 70144
1264 70105 70107
1265 66967 66968
1266 83694 83697
1267 67337 67338
1268 73957 73959
1269 71762 71763
1270 56967 56971
1271 71947 71949
1272 67990 67991
1273 64466 64467
1274 67559 67561
1275 72111 72112
1276 64727 64728
1277 69891 69895
1278 69834 69837
1279 75823 75825
1280 59264 59265
1281 75299 75300
1282 62712 62714
1283 69178 69181
1284 70871 70873
1285 67725 67727
1286 73804 73805
1287 67825 67827
1288 66835 66836
1289 67395 67396
1290 70813 70814
1291 64362 64363
1292 67526 67527
1293 69872 69874
1294 80582 80583
1295 66882 66883
1296 68140 68141
1297 68781 68782
1298 62908 62909
1299 70663 70666
1300 54927 54928
1301 69931 69932
1302 71346 71348
1303 57958 57959
1304 65568 65571
1305 65669 65670
1306 60797 60798
1307 73501 73502
1308 65161 65162
1309 66026 66028
1310 71163 71164
1311 68958 68959
1312 66471 66476
1313 66396 66400
1314 69780 69782
1315 53688 53689
1316 66784 66785
1317 67223 67224
1318 62442 62443
1319 64177 64178
1320 72729 72730
1321 52783 52785
1322 63167 63168
1323 64479 64482
1324 63939 63941
1325 63779 63780
1326 66671 66675
1327 67390 67391
1328 66601 66602
1329 65674 65677
1330 64252 64254
1331 65239 65242
1332 66086 66090
1333 67918 67919
1334 69907 69908
1335 63255 63256
1336 67261 67262
1337 62371 62375
1338 71161 71162
1339 65586 65590
1340 65465 65466
1341 65002 65003
1342 78683 78686
1343 62737 62738
1344 65403 65404
1345 67962 67963
1346 63892 63893
1347 64564 64565
1348 63325 63326
1349 60391 60392
1350 67042 67044
1351 67266 67267
1352 62902 62904
1353 64908 64909
1354 63839 63841
1355 53440 53441
1356 64190 64191
1357 63246 63247
1358 63334 63335
1359 64511 64512
1360 63644 63647
1361 67342 67343
1362 63977 63978
1363 64914 64916
1364 64721 64722
1365 60979 60986
1366 63953 63954
1367 75938 75939
1368 64521 64522
1369 61085 61086
1370 64323 64324
1371 66833 66834
1372 54990 54992
1373 61044 61045
1374 57809 57810
1375 64334 64335
1376 65229 65230
1377 61074 61077
1378 65444 65445
1379 64071 64072
1380 62667 62668
1381 62512 62514
1382 64476 64477
1383 62279 62282
1384 61693 61695
1385 85554 85559
1386 49256 49257
1387 64388 64389
1388 53355 53356
1389 62174 62175
1390 61904 61905
1391 85354 85355
1392 40539 40540
1393 66430 66431
1394 61942 61943
1395 59092 59093
1396 60912 60916
1397 63819 63820
1398 60261 60264
1399 63106 63107
1400 64174 64175
1401 67315 67316
1402 64016 64017
1403 62192 62193
1404 61860 61863
1405 65877 65878
1406 64995 64996
1407 54969 54970
1408 72488 72489
1409 62085 62089
1410 63881 63884
1411 57872 57874
1412 60154 60157
1413 61921 61922
1414 62911 62913
1415 61968 61970
1416 56953 56954
1417 61407 61408
1418 61636 61637
1419 36431 36432
1420 66383 66384
1421 62233 62234
1422 63172 63173
1423 57620 57621
1424 60539 60540
1425 62363 62364
1426 59195 59196
1427 60617 60618
1428 61927 61928
1429 58504 58505
1430 49446 49447
1431 37004 37005
1432 61035 61039
1433 53254 53255
1434 63715 63716
1435 59795 59797
1436 58580 58582
1437 63385 63386
1438 57702 57703
1439 55132 55133
1440 61688 61690
1441 66425 66429
1442 62076 62077
1443 63798 63799
1444 60703 60704
1445 61753 61755
1446 61303 61305
1447 55936 55939
1448 66746 66747
1449 56052 56053
1450 56869 56870
1451 61508 61509
1452 59623 59624
1453 60709 60710
1454 57151 57152
1455 61236 61237
1456 56042 56044
1457 58589 58590
1458 53969 53970
1459 60938 60939
1460 69182 69183
1461 60787 60788
1462 56356 56357
1463 55562 55563
1464 59653 59656
1465 50689 50690
1466 53001 53002
1467 58956 58959
1468 61318 61319
1469 53247 53249
1470 59434 59435
1471 60679 60680
1472 58968 58969
1473 53737 53738
1474 55042 55043
1475 63848 63850
1476 58508 58509
1477 59369 59370
1478 56389 56392
1479 57690 57693
1480 49157 49158
1481 68019 68021
1482 55930 55933
1483 52814 52819
1484 61093 61094
1485 60220 60221
1486 59996 59998
1487 59632 59633
1488 60917 60918
1489 56897 56898
1490 57352 57353
1491 54620 54622
1492 54752 54753
1493 59616 59618
1494 54946 54949
1495 56236 56239
1496 60315 60316
1497 59308 59309
1498 55002 55004
1499 54416 54418
1500 53603 53605
1501 57026 57027
1502 56544 56545
1503 54598 54599
1504 52004 52005
1505 54230 54233
1506 51108 51109
1507 56299 56300
1508 52206 52207
1509 63969 63971
1510 56157 56158
1511 52754 52755
1512 57369 57370
1513 53057 53058
1514 57075 57078
1515 53209 53213
1516 67709 67710
1517 52570 52571
1518 70004 70005
1519 52939 52940
1520 57088 57089
1521 49243 49244
1522 70152 70155
1523 40085 40087
1524 60198 60199
1525 51408 51409
1526 51729 51730
1527 60881 60882
1528 56087 56089
1529 52979 52981
1530 56917 56918
1531 60553 60555
1532 55775 55776
1533 52370 52371
1534 59422 59424
1535 53397 53398
1536 55919 55920
1537 56202 56205
1538 56000 56003
1539 56522 56525
1540 52438 52441
1541 58517 58518
1542 52667 52668
1543 52902 52903
1544 55601 55602
1545 52699 52700
1546 51826 51827
1547 59098 59099
1548 29553 29554
1549 32589 32590
1550 29992 29994
1551 28988 28989
1552 33956 33957
1553 28472 28473
1554 30875 30876
1555 34573 34578
1556 29555 29556
1557 27948 27956
1558 30434 30435
1559 29575 29576
1560 32033 32034
1561 30191 30193
1562 24708 24709
1563 30559 30563
1564 28420 28422
1565 29029 29030
1566 27843 27844
1567 28514 28515
1568 28717 28718
1569 28603 28604
1570 25835 25837
1571 21111 21112
1572 23972 23973
1573 30703 30704
1574 17711 17716
1575 27250 27251
1576 26621 26622
1577 29401 29402
1578 24434 24435
1579 21050 21052
1580 26316 26318
1581 22667 22668
1582 25546 25548
1583 19054 19055
1584 21372 21373
1585 20477 20478
1586 27814 27815
1587 24856 24857
1588 21318 21319
1589 33489 33490
1590 14563 14566
1591 25378 25379
1592 28547 28552
1593 28556 28557
1594 18316 18318
1595 16797 16798
1596 29435 29436
1597 26163 26164
1598 23574 23575
1599 29589 29590
1600 26233 26234
1601 28649 28650
1602 26797 26800
1603 20110 20111
1604 18573 18575
1605 17538 17540
1606 24399 24401
1607 25536 25537
1608 38683 38686
1609 21091 21092
1610 26433 26434
1611 21570 21571
1612 19742 19743
1613 25644 25645
1614 35404 35409
1615 20898 20899
1616 33112 33114
1617 14884 14885
1618 22743 22744
1619 25263 25264
1620 26123 26124
1621 8882 8884
1622 18607 18608
1623 23337 23338
1624 13574 13575
1625 4520 4522
1626 11109 11110
1627 15664 15665
1628 20234 20235
1629 25570 25571
1630 24378 24379
1631 19099 19102
1632 21540 21541
1633 22098 22099
1634 26573 26575
1635 26026 26027
1636 40264 40265
1637 18913 18914
1638 25238 25239
1639 21029 21030
1640 22353 22354
1641 11188 11193
1642 20191 20192
1643 29470 29471
1644 20830 20831
1645 19039 19040
1646 22429 22430
1647 23457 23458
1648 23125 23126
1649 13011 13012
1650 23732 23733
1651 13354 13355
1652 23063 23064
1653 14165 14167
1654 17046 17047
1655 26791 26792
1656 18702 18704
1657 24521 24522
1658 19007 19009
1659 23410 23411
1660 25174 25176
1661 17558 17559
1662 34609 34611
1663 27388 27389
1664 17725 17727
1665 20920 20921
1666 19379 19381
1667 18609 18612
1668 23089 23090
1669 15920 15921
1670 43869 43871
1671 17986 17987
1672 24252 24255
1673 10433 10435
1674 22584 22585
1675 17652 17654
1676 17901 17902
1677 17438 17439
1678 19646 19647
1679 19705 19706
1680 22383 22384
1681 15110 15111
1682 21203 21204
1683 19962 19963
1684 18691 18692
1685 18277 18279
1686 19375 19376
1687 16632 16634
1688 22012 22013
1689 9179 9180
1690 20304 20305
1691 12121 12123
1692 17367 17369
1693 18507 18508
1694 21915 21916
1695 18333 18334
1696 13474 13475
1697 17030 17031
1698 16997 17000
1699 9459 9460
1700 2549 2550
1701 20187 20188
1702 17698 17699
1703 44121 44124
1704 49030 49031
1705 55879 55880
1706 52869 52870
1707 50237 50241
1708 60834 60837
1709 54397 54400
1710 53624 53625
1711 48220 48222
1712 54564 54565
1713 49728 49731
1714 54088 54089
1715 54102 54103
1716 51199 51201
1717 56526 56527
1718 49431 49433
1719 59454 59456
1720 51652 51653
1721 58629 58632
1722 48998 49000
1723 52341 52342
1724 51837 51838
1725 52856 52857
1726 54979 54980
1727 50616 50617
1728 52773 52774
1729 81268 81269
1730 47478 47479
1731 68118 68119
1732 34579 34580
1733 52520 52523
1734 51313 51317
1735 52118 52119
1736 52329 52332
1737 56076 56077
1738 49500 49501
1739 54745 54747
1740 54429 54430
1741 49416 49417
1742 52527 52529
1743 53022 53023
1744 52192 52193
1745 60608 60611
1746 45505 45506
1747 55807 55808
1748 51933 51935
1749 70417 70418
1750 51542 51543
1751 49640 49641
1752 53938 53939
1753 50008 50009
1754 52487 52489
1755 49723 49724
1756 46289 46290
1757 52928 52929
1758 48198 48199
1759 51989 51990
1760 42994 42995
1761 50555 50556
1762 52260 52261
1763 42976 42977
1764 51669 51670
1765 49360 49361
1766 49313 49314
1767 52844 52845
1768 46576 46578
1769 52748 52751
1770 48880 48881
1771 48021 48023
1772 45272 45273
1773 51226 51228
1774 46060 46062
1775 50172 50173
1776 50369 50371
1777 51437 51438
1778 49930 49931
1779 49813 49814
1780 49562 49563
1781 50389 50391
1782 49786 49790
1783 52621 52622
1784 48794 48795
1785 50541 50543
1786 47175 47178
1787 61771 61772
1788 49866 49867
1789 49403 49406
1790 47629 47630
1791 50176 50177
1792 41575 41576
1793 46630 46631
1794 50567 50568
1795 40726 40727
1796 52161 52163
1797 43050 43052
1798 42630 42633
1799 49070 49071
1800 47726 47728
1801 42507 42508
1802 46388 46389
1803 40889 40890
1804 51821 51822
1805 48184 48185
1806 47611 47614
1807 51095 51099
1808 50980 50981
1809 34662 34663
1810 53424 53425
1811 47809 47810
1812 52029 52032
1813 49104 49108
1814 49026 49027
1815 49182 49183
1816 48169 48172
1817 48560 48561
1818 47518 47519
1819 56379 56380
1820 35631 35632
1821 44118 44120
1822 50392 50394
1823 43723 43725
1824 47955 47956
1825 42715 42716
1826 49162 49163
1827 48043 48044
1828 44810 44811
1829 52069 52071
1830 47190 47191
1831 48031 48032
1832 44342 44343
1833 41722 41723
1834 42491 42492
1835 44932 44934
1836 47474 47477
1837 47753 47754
1838 50604 50607
1839 35918 35919
1840 47729 47732
1841 43244 43245
1842 44762 44764
1843 47256 47257
1844 46924 46925
1845 59021 59022
1846 35201 35202
1847 45167 45170
1848 45950 45954
1849 36701 36702
1850 51839 51840
1851 44303 44304
1852 43619 43620
1853 48870 48871
1854 40000 40001
1855 43608 43610
1856 46867 46868
1857 45065 45068
1858 41591 41594
1859 41599 41600
1860 42911 42912
1861 45078 45082
1862 49809 49812
1863 42682 42683
1864 46344 46345
1865 41911 41912
1866 45310 45311
1867 38111 38112
1868 44505 44506
1869 41751 41752
1870 42539 42540
1871 39834 39836
1872 43468 43469
1873 39469 39470
1874 44089 44091
1875 44658 44659
1876 43885 43886
1877 44265 44266
1878 39012 39014
1879 39476 39477
1880 40913 40916
1881 39784 39786
1882 47345 47348
1883 37564 37565
1884 51014 51015
1885 31945 31946
1886 42811 42812
1887 58397 58399
1888 28506 28507
1889 47582 47584
1890 40483 40484
1891 48200 48201
1892 43346 43347
1893 42789 42790
1894 41270 41271
1895 42286 42287
1896 47605 47606
1897 39649 39650
1898 40839 40841
1899 39292 39293
1900 41830 41831
1901 42552 42554
1902 59043 59046
1903 38970 38971
1904 37438 37439
1905 27487 27488
1906 38140 38141
1907 48718 48719
1908 41056 41057
1909 46541 46544
1910 45866 45869
1911 39387 39388
1912 45960 45961
1913 56462 56463
1914 38492 38496
1915 42303 42306
1916 34526 34527
1917 46845 46846
1918 40348 40352
1919 41924 41925
1920 50660 50661
1921 38555 38556
1922 36209 36212
1923 40942 40945
1924 36133 36134
1925 44212 44213
1926 31453 31454
1927 30106 30107
1928 38778 38780
1929 39095 39096
1930 41990 41992
1931 42413 42416
1932 26108 26109
1933 41716 41717
1934 38877 38878
1935 68966 68967
1936 86587 86588
1937 89158 89159
1938 89874 89877
1939 89855 89856
1940 89207 89208
1941 89579 89580
1942 89957 89958
1943 89392 89394
1944 89985 89986
1945 89058 89059
1946 89527 89529
1947 89359 89360
1948 89923 89924
1949 89645 89647
1950 89498 89499
1951 89730 89731
1952 89674 89675
1953 88486 88488
1954 88681 88682
1955 85722 85723
1956 89978 89979
1957 89389 89391
1958 89365 89367
1959 89925 89930
1960 89132 89133
1961 87600 87602
1962 89337 89340
1963 89240 89242
1964 89591 89592
1965 89233 89235
1966 89116 89118
1967 88346 88347
1968 87621 87622
1969 87658 87660
1970 85175 85176
1971 89081 89082
1972 88726 88727
1973 89103 89104
1974 85196 85199
1975 89043 89045
1976 85121 85122
1977 87215 87217
1978 86954 86955
1979 89106 89107
1980 82097 82098
1981 88535 88536
1982 89447 89448
1983 88873 88874
1984 87514 87515
1985 88950 88952
1986 87986 87987
1987 89229 89230
1988 85087 85088
1989 88608 88609
1990 88738 88739
1991 87410 87411
1992 87906 87908
1993 89347 89348
1994 82269 82270
1995 89755 89760
1996 88284 88285
1997 87938 87939
1998 87821 87822
1999 85393 85394
2000 88615 88617
2001 87538 87540
2002 84126 84127
2003 86998 87000
2004 85491 85492
2005 88969 88973
2006 81889 81890
2007 84538 84539
2008 87656 87657
2009 86946 86947
2010 87553 87556
2011 86527 86528
2012 88364 88365
2013 86400 86401
2014 85100 85101
2015 85084 85086
2016 85095 85097
2017 83603 83606
2018 85072 85073
2019 89150 89151
2020 83927 83931
2021 86426 86427
2022 89808 89811
2023 86781 86784
2024 87274 87275
2025 86018 86019
2026 89935 89937
2027 85917 85919
2028 88652 88653
2029 83935 83936
2030 88179 88180
2031 82521 82522
2032 84506 84508
2033 85054 85056
2034 84596 84597
2035 87603 87608
2036 81330 81331
2037 86660 86661
2038 86654 86655
2039 85027 85028
2040 88807 88809
2041 86806 86808
2042 84863 84865
2043 86562 86566
2044 84072 84073
2045 86022 86024
2046 86071 86072
2047 84859 84860
2048 85531 85534
2049 84739 84742
2050 85788 85790
2051 83358 83359
2052 84602 84603
2053 85192 85193
2054 84681 84682
2055 84302 84303
2056 86503 86504
2057 55236 55237
2058 84679 84680
2059 82867 82871
2060 87229 87231
2061 84634 84636
2062 84845 84846
2063 84464 84466
2064 86372 86373
2065 84626 84627
2066 84770 84772
2067 82672 82673
2068 85285 85286
2069 84428 84429
2070 80243 80244
2071 83412 83413
2072 84630 84633
2073 84715 84716
2074 84056 84057
2075 87314 87315
2076 84223 84224
2077 87526 87528
2078 79367 79368
2079 81822 81823
2080 82452 82454
2081 84412 84414
2082 83670 83672
2083 85362 85363
2084 78608 78610
2085 82056 82061
2086 85753 85754
2087 84953 84955
2088 84969 84970
2089 81645 81646
2090 79895 79896
2091 80770 80771
2092 82587 82588
2093 84689 84690
2094 87884 87885
2095 79887 79888
2096 84310 84311
2097 85373 85375
2098 83290 83291
2099 84705 84707
2100 75355 75356
2101 84510 84511
2102 79946 79949
2103 82293 82294
2104 82287 82289
2105 88144 88146
2106 75121 75122
2107 86518 86520
2108 83420 83421
2109 84402 84404
2110 83221 83222
2111 82309 82311
2112 84460 84463
2113 30116 30117
2114 40756 40757
2115 39148 39149
2116 37263 37264
2117 38193 38194
2118 41213 41214
2119 53401 53405
2120 31830 31833
2121 36576 36577
2122 41811 41812
2123 42892 42893
2124 34789 34790
2125 35701 35703
2126 32678 32679
2127 50483 50484
2128 39037 39038
2129 38289 38290
2130 36569 36570
2131 38090 38093
2132 38620 38621
2133 38893 38894
2134 34885 34887
2135 32842 32844
2136 40279 40281
2137 38385 38387
2138 37498 37499
2139 41266 41267
2140 34067 34068
2141 22767 22768
2142 39309 39310
2143 35618 35620
2144 43528 43531
2145 31378 31380
2146 37196 37197
2147 34296 34297
2148 34453 34454
2149 39870 39872
2150 37558 37561
2151 40069 40070
2152 34158 34159
2153 38610 38613
2154 40709 40710
2155 34843 34844
2156 38490 38491
2157 34382 34384
2158 41417 41418
2159 31661 31663
2160 38678 38679
2161 34699 34702
2162 42336 42337
2163 31307 31309
2164 36850 36851
2165 33713 33714
2166 39033 39034
2167 35527 35528
2168 29078 29080
2169 36321 36322
2170 39286 39287
2171 30776 30777
2172 39803 39804
2173 34239 34240
2174 38860 38861
2175 27715 27716
2176 39368 39369
2177 35503 35506
2178 37313 37314
2179 35730 35731
2180 30609 30610
2181 27673 27676
2182 57718 57722
2183 15314 15316
2184 16649 16650
2185 12530 12531
2186 20960 20961
2187 10957 10958
2188 16872 16878
2189 24805 24807
2190 12321 12322
2191 14929 14930
2192 17866 17867
2193 3436 3437
2194 25031 25032
2195 15245 15246
2196 15553 15555
2197 10916 10917
2198 12124 12125
2199 13345 13346
2200 14187 14188
2201 19776 19778
2202 11484 11487
2203 13265 13266
2204 15291 15293
2205 6420 6422
2206 7547 7548
2207 28766 28768
2208 9722 9723
2209 13645 13646
2210 22854 22856
2211 11624 11625
2212 16018 16019
2213 18195 18196
2214 16434 16436
2215 11803 11805
2216 17440 17442
2217 9101 9102
2218 17238 17239
2219 24858 24859
2220 7761 7763
2221 10546 10547
2222 12892 12893
2223 16972 16973
2224 10199 10200
2225 13407 13408
2226 6856 6858
2227 12907 12908
2228 14736 14737
2229 11680 11681
2230 2808 2809
2231 12319 12320
2232 13071 13072
2233 11656 11657
2234 14272 14274
2235 11284 11285
2236 9436 9437
2237 3045 3047
2238 10144 10146
2239 11981 11983
2240 2682 2683
2241 9694 9697
2242 2952 2953
2243 12539 12540
2244 10938 10939
2245 2290 2291
2246 655 656
2247 3725 3726
2248 1871 1872
2249 1582 1583
2250 11589 11595
2251 3235 3236
2252 8790 8791
2253 10793 10794
2254 10504 10505
2255 19181 19182
2256 4895 4896
2257 12909 12910
2258 22146 22147
2259 31092 31094
2260 34437 34439
2261 34543 34544
2262 43622 43623
2263 37188 37189
2264 35005 35006
2265 23683 23684
2266 43793 43795
2267 41122 41123
2268 34565 34566
2269 30697 30698
2270 34086 34087
2271 32652 32653
2272 34054 34056
2273 33938 33942
2274 45926 45927
2275 27017 27021
2276 37162 37164
2277 44141 44142
2278 9968 9969
2279 35773 35774
2280 39966 39967
2281 29370 29371
2282 31461 31462
2283 35735 35736
2284 39467 39468
2285 32193 32194
2286 35097 35098
2287 33512 33514
2288 31204 31208
2289 29974 29975
2290 36650 36652
2291 33191 33193
2292 80760 80761
2293 1696 1697
2294 34636 34638
2295 33572 33574
2296 34010 34011
2297 38175 38176
2298 38589 38590
2299 28215 28222
2300 32117 32118
2301 37182 37183
2302 34235 34238
2303 32986 32987
2304 28509 28510
2305 38472 38474
2306 27762 27764
2307 32059 32060
2308 30333 30334
2309 33207 33208
2310 40229 40230
2311 28045 28047
2312 35340 35341
2313 34596 34597
2314 40342 40344
2315 36898 36900
2316 29942 29943
2317 33948 33951
2318 37909 37910
2319 33928 33929
2320 34633 34634
2321 30772 30773
2322 29896 29897
2323 27863 27864
2324 53012 53015
2325 13060 13061
2326 34317 34318
2327 27036 27037
2328 32134 32138
2329 30148 30149
2330 29117 29118
2331 34730 34732
2332 24566 24569
2333 37206 37207
2334 22699 22700
2335 71173 71174
2336 32220 32222
2337 33253 33254
2338 35325 35326
2339 28886 28888
2340 30327 30328
2341 37966 37967
2342 18870 18873
2343 32015 32016
2344 34331 34332
2345 29071 29073
2346 44571 44573
2347 28479 28480
2348 33781 33782
2349 32669 32671
2350 32333 32334
2351 30922 30924
2352 29709 29710
2353 25867 25868
2354 11638 11639
2355 30125 30126
2356 31855 31856
2357 29063 29064
2358 29976 29977
2359 44125 44127
2360 27447 27448
2361 28365 28366
2362 33487 33488
2363 21720 21721
2364 29582 29583
2365 26880 26881
2366 31390 31391
2367 31534 31535
2368 26339 26340
2369 25943 25947
2370 35914 35915
2371 22701 22704
2372 28474 28477
2373 27769 27770
2374 34852 34853
2375 31014 31015
2376 28871 28872
2377 26185 26187
2378 31724 31726
2379 30691 30692
2380 39458 39459
2381 23102 23104
2382 28632 28635
2383 25797 25799
2384 30343 30344
2385 26019 26020
2386 30709 30711
2387 31978 31979
2388 25997 25998
2389 50781 50782
2390 23120 23122
2391 30853 30854
2392 34161 34162
2393 25325 25326
2394 31750 31755
2395 24004 24006
2396 34415 34417
2397 27740 27741
2398 24382 24384
2399 57675 57676
2400 30438 30442
2401 45327 45328
2402 35929 35931
2403 21301 21304
2404 26918 26921
2405 25144 25145
2406 38055 38059
2407 29457 29458
2408 30996 30997
2409 25931 25932
2410 24359 24362
2411 29717 29721
2412 26884 26886
2413 24259 24260
2414 22722 22723
2415 28753 28755
2416 24572 24573
2417 30575 30576
2418 24190 24192
2419 26398 26400
2420 20050 20051
2421 22818 22819
2422 27030 27031
2423 29431 29432
2424 25999 26001
2425 33073 33074
2426 35367 35368
2427 28677 28678
2428 52236 52240
2429 11202 11205
2430 28270 28271
2431 24872 24873
2432 22317 22318
2433 29632 29633
2434 31862 31863
2435 23300 23301
2436 26178 26180
2437 23649 23652
2438 23823 23825
2439 26974 26977
2440 26826 26827
2441 24539 24541
2442 27883 27884
2443 23014 23015
2444 30628 30629
2445 21645 21647
2446 25907 25908
2447 24724 24725
2448 16573 16574
2449 28090 28091
2450 30606 30607
2451 24135 24136
2452 22972 22974
2453 25402 25403
2454 26058 26060
2455 23952 23953
2456 22970 22971
2457 26987 26989
2458 35826 35828
2459 21552 21556
2460 25622 25623
2461 24930 24931
2462 26863 26864
2463 21658 21659
2464 22379 22380
2465 21779 21780
2466 32292 32295
2467 9488 9489
2468 24557 24558
2469 23729 23730
2470 29889 29890
2471 15938 15939
2472 27700 27701
2473 18905 18906
2474 26134 26135
2475 29396 29397
2476 24682 24684
2477 20826 20827
2478 23002 23005
2479 25072 25073
2480 22271 22272
2481 20335 20337
2482 28382 28383
2483 27781 27782
2484 20093 20094
2485 25439 25440
2486 19272 19273
2487 24486 24488
2488 22582 22583
2489 23920 23921
2490 929 931
2491 9092 9093
2492 6407 6408
2493 13218 13220
2494 11445 11446
2495 17427 17429
2496 1964 1966
2497 7962 7963
2498 8033 8037
2499 8534 8535
2500 12506 12507
2501 16167 16168
2502 8736 8737
2503 15624 15626
2504 8966 8967
2505 10098 10101
2506 7679 7682
2507 7646 7647
2508 9778 9780
2509 6992 6995
2510 12237 12238
2511 7555 7558
2512 9226 9227
2513 4474 4475
2514 6960 6961
2515 10158 10159
2516 9638 9640
2517 5890 5891
2518 7349 7350
2519 5941 5942
2520 15972 15974
2521 2539 2541
2522 10288 10289
2523 5691 5692
2524 17148 17149
2525 5076 5078
2526 6328 6331
2527 1649 1652
2528 6884 6885
2529 3723 3724
2530 16103 16104
2531 21089 21090
2532 31007 31009
2533 28451 28454
2534 22641 22642
2535 20881 20883
2536 19590 19591
2537 21336 21337
2538 24613 24614
2539 24966 24969
2540 15079 15080
2541 24716 24717
2542 20117 20118
2543 27710 27712
2544 16193 16194
2545 19315 19317
2546 22545 22547
2547 22215 22217
2548 22482 22485
2549 23703 23704
2550 20751 20752
2551 22978 22980
2552 25534 25535
2553 21942 21943
2554 22193 22194
2555 24310 24311
2556 19651 19652
2557 20858 20859
2558 22095 22096
2559 23046 23047
2560 12357 12358
2561 25891 25892
2562 22036 22037
2563 18200 18205
2564 31968 31969
2565 21486 21488
2566 18303 18304
2567 21653 21654
2568 24852 24855
2569 18933 18935
2570 22884 22885
2571 21585 21588
2572 21273 21274
2573 23634 23635
2574 29701 29702
2575 15602 15603
2576 21591 21592
2577 25161 25163
2578 18376 18377
2579 19955 19956
2580 20125 20127
2581 20663 20664
2582 24458 24460
2583 19490 19491
2584 18888 18890
2585 32619 32620
2586 11018 11019
2587 19865 19867
2588 40847 40848
2589 18684 18685
2590 19324 19328
2591 14910 14912
2592 19582 19583
2593 21874 21875
2594 21565 21566
2595 20504 20508
2596 22045 22047
2597 16529 16531
2598 18398 18399
2599 19945 19947
2600 13058 13059
2601 22864 22865
2602 23556 23557
2603 14994 14995
2604 23826 23828
2605 19494 19495
2606 16702 16703
2607 21889 21890
2608 18537 18539
2609 20297 20298
2610 20331 20332
2611 20255 20256
2612 21727 21728
2613 16361 16362
2614 22051 22052
2615 16758 16759
2616 24233 24234
2617 17738 17739
2618 27689 27690
2619 12636 12637
2620 29288 29289
2621 14989 14990
2622 16239 16241
2623 29002 29003
2624 8673 8674
2625 3671 3675
2626 5645 5646
2627 10614 10615
2628 14498 14499
2629 3802 3804
2630 9229 9230
2631 2166 2168
2632 14648 14649
2633 378 379
2634 6773 6774
2635 13166 13167
2636 20055 20058
2637 17317 17318
2638 17248 17252
2639 18056 18061
2640 19192 19193
2641 20483 20487
2642 18268 18272
2643 16473 16474
2644 19932 19934
2645 18017 18022
2646 16577 16581
2647 27703 27704
2648 5717 5718
2649 8282 8283
2650 3818 3819
2651 15606 15608
2652 21442 21446
2653 17834 17835
2654 16144 16145
2655 16948 16949
2656 14545 14546
2657 17497 17498
2658 16031 16032
2659 16384 16385
2660 18046 18047
2661 14002 14003
2662 21314 21316
2663 12585 12586
2664 16055 16056
2665 18597 18598
2666 15875 15876
2667 20756 20757
2668 15370 15371
2669 15377 15378
2670 15409 15410
2671 18011 18013
2672 15016 15019
2673 17792 17795
2674 25100 25101
2675 24264 24265
2676 11631 11633
2677 17926 17929
2678 20028 20029
2679 7785 7787
2680 334 335
2681 5546 5547
2682 4021 4022
2683 6996 6998
2684 19016 19017
2685 14430 14431
2686 11571 11572
2687 16516 16517
2688 10177 10178
2689 14253 14254
2690 15847 15848
2691 15231 15232
2692 15414 15415
2693 13520 13522
2694 13794 13796
2695 15209 15210
2696 28993 28994
2697 12851 12853
2698 14715 14716
2699 24466 24467
2700 14779 14780
2701 14108 14109
2702 13256 13257
2703 758 759
2704 5443 5444
2705 1288 1291
2706 17144 17147
2707 14139 14140
2708 15511 15513
2709 31224 31225
2710 78344 78352
2711 81638 81639
2712 88186 88188
2713 80098 80099
2714 87189 87190
2715 81474 81475
2716 80199 80200
2717 79787 79788
2718 86452 86453
2719 80956 80959
2720 78847 78849
2721 83590 83591
2722 84058 84061
2723 81547 81548
2724 84241 84243
2725 65800 65802
2726 83536 83538
2727 82879 82880
2728 87510 87513
2729 79987 79988
2730 84512 84513
2731 81694 81695
2732 81921 81923
2733 86009 86010
2734 87570 87571
2735 81195 81197
2736 81715 81716
2737 81947 81949
2738 83381 83382
2739 81290 81292
2740 80354 80355
2741 80922 80923
2742 80634 80635
2743 81828 81829
2744 82552 82553
2745 83845 83846
2746 81519 81522
2747 78398 78399
2748 83072 83073
2749 80890 80891
2750 84639 84641
2751 74426 74428
2752 82991 82993
2753 80067 80069
2754 80716 80717
2755 80109 80112
2756 72791 72792
2757 82965 82966
2758 81818 81820
2759 79877 79878
2760 82565 82567
2761 79879 79880
2762 85970 85971
2763 80207 80208
2764 75230 75231
2765 79725 79726
2766 83683 83686
2767 81862 81864
2768 80346 80347
2769 85344 85346
2770 73569 73571
2771 78944 78945
2772 82080 82081
2773 81858 81860
2774 80177 80180
2775 84594 84595
2776 71089 71090
2777 81504 81505
2778 73126 73127
2779 81986 81987
2780 79771 79774
2781 82854 82855
2782 79390 79391
2783 78210 78212
2784 78440 78442
2785 75061 75062
2786 79981 79982
2787 79768 79770
2788 80744 80745
2789 80131 80133
2790 80169 80170
2791 79992 79993
2792 80819 80820
2793 78049 78050
2794 80277 80280
2795 78594 78595
2796 78465 78466
2797 76980 76981
2798 81744 81746
2799 78980 78981
2800 80750 80751
2801 77625 77626
2802 79094 79095
2803 76768 76769
2804 81931 81932
2805 80676 80677
2806 81029 81030
2807 80025 80026
2808 76652 76653
2809 79580 79582
2810 77447 77448
2811 83150 83151
2812 79253 79254
2813 79536 79537
2814 76439 76440
2815 78181 78187
2816 79556 79558
2817 77173 77174
2818 86901 86903
2819 78208 78209
2820 81442 81446
2821 75400 75402
2822 77884 77885
2823 74190 74191
2824 84208 84210
2825 69721 69722
2826 87557 87559
2827 84216 84217
2828 77075 77076
2829 78913 78914
2830 81544 81545
2831 77593 77595
2832 80256 80257
2833 80600 80601
2834 78735 78736
2835 80318 80320
2836 78100 78101
2837 79245 79246
2838 78028 78029
2839 77831 77832
2840 77576 77577
2841 80197 80198
2842 76068 76069
2843 82642 82644
2844 68148 68150
2845 77899 77900
2846 79612 79613
2847 80509 80510
2848 77071 77072
2849 81551 81554
2850 70008 70010
2851 82940 82944
2852 74380 74381
2853 81079 81080
2854 79618 79619
2855 74702 74703
2856 76531 76533
2857 74594 74595
2858 79960 79961
2859 76189 76198
2860 73021 73022
2861 80573 80574
2862 74820 74821
2863 80930 80933
2864 76762 76764
2865 87699 87702
2866 73641 73643
2867 77570 77572
2868 79600 79601
2869 76915 76916
2870 78433 78434
2871 79532 79533
2872 71275 71276
2873 80778 80779
2874 71370 71373
2875 76730 76731
2876 77785 77786
2877 75905 75906
2878 77545 77546
2879 79567 79568
2880 78728 78729
2881 79272 79275
2882 77166 77168
2883 84945 84947
2884 76121 76122
2885 78903 78904
2886 76993 76994
2887 75553 75554
2888 77464 77467
2889 74770 74771
2890 78994 78995
2891 71488 71489
2892 78022 78023
2893 73776 73777
2894 79616 79617
2895 78536 78538
2896 76035 76036
2897 75966 75968
2898 71551 71553
2899 76986 76987
2900 75711 75712
2901 75653 75656
2902 74484 74485
2903 76874 76875
2904 77266 77269
2905 74518 74519
2906 75513 75514
2907 74476 74477
2908 79189 79191
2909 73242 73243
2910 77188 77190
2911 77079 77080
2912 75063 75065
2913 77258 77259
2914 69156 69157
2915 75026 75028
2916 78424 78432
2917 74044 74046
2918 76855 76858
2919 75671 75672
2920 76519 76520
2921 68855 68857
2922 85297 85298
2923 71904 71905
2924 77967 77971
2925 75575 75577
2926 75099 75100
2927 75496 75499
2928 74028 74029
2929 75744 75745
2930 75274 75275
2931 74282 74283
2932 71084 71086
2933 72375 72376
2934 75446 75447
2935 74244 74247
2936 76107 76108
2937 72693 72695
2938 80075 80079
2939 73062 73063
2940 75923 75924
2941 74434 74439
2942 75173 75175
2943 79430 79431
2944 76347 76348
2945 72204 72205
2946 70344 70345
2947 73785 73786
2948 77063 77065
2949 74180 74182
2950 75066 75069
2951 74253 74255
2952 69358 69359
2953 74808 74812
2954 81187 81188
2955 68050 68052
2956 73508 73509
2957 73702 73703
2958 77815 77816
2959 72767 72768
2960 71872 71876
2961 72654 72657
2962 75406 75407
2963 75270 75271
2964 72041 72043
2965 74873 74874
2966 75005 75006
2967 77294 77295
2968 66772 66773
2969 75604 75605
2970 74111 74113
2971 73417 73418
2972 75116 75118
2973 73709 73710
2974 79577 79579
2975 72808 72809
2976 74209 74210
2977 71626 71627
2978 71602 71603
2979 71447 71450
2980 72837 72838
2981 74888 74890
2982 72394 72395
2983 71989 71990
2984 73367 73368
2985 70569 70570
2986 73304 73305
2987 73795 73796
2988 71544 71545
2989 76760 76761
2990 71367 71369
2991 72175 72176
2992 73188 73189
2993 71519 71522
2994 70567 70568
2995 72126 72128
2996 71033 71035
2997 74382 74383
2998 77046 77048
2999 61024 61025
3000 73049 73051
3001 71974 71978
3002 68045 68046
3003 73371 73373
3004 70109 70110
3005 73809 73810
3006 74489 74491
3007 71819 71820
3008 72642 72644
3009 73064 73065
3010 66850 66852
3011 72232 72233
3012 71250 71251
3013 72389 72391
3014 69232 69233
3015 72580 72581
3016 79260 79261
3017 68629 68630
3018 70696 70699
3019 72202 72203
3020 68634 68635
3021 74901 74903
3022 65225 65226
3023 73102 73103
3024 72368 72370
3025 71051 71052
3026 68911 68912
3027 69544 69545
3028 69806 69807
3029 68186 68187
3030 72510 72511
3031 68968 68970
3032 68026 68027
3033 68862 68865
3034 67785 67786
3035 71614 71615
3036 63921 63923
3037 74306 74307
3038 66374 66375
3039 68562 68563
3040 69291 69292
3041 71386 71388
3042 70690 70691
3043 70561 70562
3044 70326 70327
3045 66580 66583
3046 84642 84645
3047 61518 61519
3048 69716 69717
3049 70920 70921
3050 42805 42806
3051 72044 72045
3052 68583 68584
3053 69990 69991
3054 87880 87881
3055 61212 61213
3056 77635 77636
3057 71384 71385
3058 77612 77613
3059 70341 70342
3060 73780 73781
3061 70795 70796
3062 70557 70558
3063 70334 70335
3064 69306 69307
3065 69654 69655
3066 70421 70422
3067 64683 64685
3068 70495 70497
3069 66326 66327
3070 73223 73224
3071 68107 68108
3072 81039 81040
3073 68438 68439
3074 72350 72351
3075 66103 66106
3076 73694 73695
3077 63930 63931
3078 65741 65742
3079 67300 67301
3080 67432 67433
3081 77768 77769
3082 60411 60417
3083 72923 72924
3084 64671 64672
3085 82918 82920
3086 66827 66828
3087 77297 77298
3088 66365 66366
3089 70834 70838
3090 70066 70067
3091 68507 68508
3092 69389 69390
3093 67049 67051
3094 73815 73816
3095 62900 62901
3096 70822 70823
3097 62950 62954
3098 69112 69113
3099 64291 64292
3100 72684 72685
3101 67988 67989
3102 69802 69803
3103 66704 66705
3104 69564 69565
3105 63018 63019
3106 68824 68825
3107 63712 63713
3108 74005 74006
3109 65336 65338
3110 69152 69153
3111 70532 70533
3112 72074 72078
3113 82514 82515
3114 65732 65733
3115 68242 68244
3116 71078 71079
3117 58627 58628
3118 67535 67537
3119 68796 68799
3120 69427 69428
3121 69785 69788
3122 63693 63694
3123 67298 67299
3124 72135 72136
3125 64195 64196
3126 76747 76748
3127 66666 66667
3128 67689 67691
3129 63771 63772
3130 82140 82142
3131 62464 62465
3132 68412 68414
3133 66214 66215
3134 66075 66076
3135 65351 65352
3136 67416 67417
3137 64150 64151
3138 65523 65524
3139 62679 62680
3140 74092 74095
3141 64610 64611
3142 55092 55093
3143 68183 68184
3144 66542 66543
3145 58652 58653
3146 70205 70207
3147 63405 63406
3148 66158 66162
3149 66117 66119
3150 64201 64204
3151 63658 63659
3152 66715 66718
3153 67648 67649
3154 73902 73903
3155 73884 73887
3156 52961 52962
3157 81760 81761
3158 52411 52414
3159 86094 86097
3160 63767 63768
3161 67711 67713
3162 65749 65750
3163 68774 68777
3164 69571 69573
3165 68923 68924
3166 62660 62663
3167 60237 60238
3168 66496 66499
3169 61880 61882
3170 69224 69225
3171 61892 61896
3172 64595 64596
3173 68604 68606
3174 68747 68748
3175 51949 51950
3176 67777 67779
3177 69599 69600
3178 68484 68485
3179 66147 66150
3180 69376 69377
3181 66209 66210
3182 68081 68082
3183 68127 68129
3184 66587 66588
3185 68373 68375
3186 62099 62100
3187 63691 63692
3188 67602 67603
3189 72948 72949
3190 63144 63145
3191 67064 67066
3192 65319 65320
3193 67363 67365
3194 61200 61201
3195 66568 66569
3196 66330 66331
3197 75964 75965
3198 32310 32311
3199 65798 65799
3200 64471 64472
3201 82523 82524
3202 59865 59866
3203 63983 63985
3204 65521 65522
3205 63442 63443
3206 66728 66731
3207 65057 65060
3208 59501 59502
3209 61646 61647
3210 64005 64006
3211 66324 66325
3212 61171 61172
3213 57734 57736
3214 64264 64265
3215 62265 62266
3216 65200 65201
3217 63048 63049
3218 72494 72496
3219 69205 69206
3220 65488 65489
3221 63519 63523
3222 62203 62204
3223 69704 69706
3224 63026 63029
3225 67499 67501
3226 63216 63218
3227 59686 59688
3228 65440 65441
3229 71327 71328
3230 65442 65443
3231 60491 60492
3232 64082 64083
3233 63532 63533
3234 63639 63641
3235 66990 66992
3236 61559 61562
3237 64364 64367
3238 62926 62927
3239 68000 68001
3240 61188 61189
3241 58549 58552
3242 70701 70703
3243 64409 64411
3244 63287 63288
3245 65652 65654
3246 63006 63007
3247 66320 66321
3248 27733 27734
3249 69846 69848
3250 63972 63974
3251 66696 66697
3252 55499 55500
3253 66546 66547
3254 61135 61136
3255 63548 63550
3256 65831 65832
3257 64412 64413
3258 62905 62906
3259 69911 69915
3260 32099 32101
3261 63773 63775
3262 75313 75314
3263 62585 62586
3264 63003 63004
3265 61349 61350
3266 63363 63364
3267 62317 62318
3268 61455 61456
3269 62654 62655
3270 66954 66955
3271 61952 61954
3272 67685 67686
3273 45381 45382
3274 64124 64125
3275 66293 66294
3276 62669 62671
3277 76266 76268
3278 60465 60466
3279 62541 62543
3280 62699 62700
3281 62871 62872
3282 62437 62438
3283 64936 64937
3284 70515 70518
3285 47511 47514
3286 61382 61383
3287 60579 60580
3288 60253 60254
3289 63227 63230
3290 62473 62476
3291 63210 63211
3292 61945 61947
3293 63614 63615
3294 63677 63678
3295 57557 57558
3296 63396 63398
3297 61566 61568
3298 60894 60895
3299 62703 62704
3300 61108 61109
3301 60923 60924
3302 65644 65645
3303 80209 80211
3304 31847 31848
3305 57860 57862
3306 62850 62851
3307 63188 63190
3308 61999 62000
3309 62780 62781
3310 61811 61812
3311 63380 63382
3312 62090 62091
3313 68138 68139
3314 62865 62867
3315 60530 60531
3316 68866 68867
3317 60683 60687
3318 61063 61064
3319 68367 68368
3320 59348 59350
3321 60181 60182
3322 59870 59873
3323 61630 61631
3324 58977 58978
3325 60000 60002
3326 50900 50901
3327 64048 64049
3328 61773 61774
3329 64781 64782
3330 47493 47495
3331 61587 61588
3332 59189 59191
3333 70507 70509
3334 62471 62472
3335 57763 57764
3336 65213 65215
3337 59176 59177
3338 60832 60833
3339 61679 61680
3340 61266 61267
3341 64866 64867
3342 56352 56353
3343 58196 58198
3344 56256 56257
3345 58174 58177
3346 61292 61293
3347 61287 61288
3348 59310 59312
3349 59380 59384
3350 70412 70415
3351 65183 65184
3352 57487 57489
3353 64653 64654
3354 58364 58365
3355 58555 58556
3356 58360 58363
3357 60989 60991
3358 60289 60290
3359 57909 57910
3360 60114 60115
3361 66917 66918
3362 53710 53711
3363 56773 56779
3364 61977 61978
3365 60360 60361
3366 56603 56605
3367 63609 63612
3368 55229 55233
3369 58405 58406
3370 64694 64695
3371 59120 59121
3372 58676 58679
3373 58357 58359
3374 65649 65650
3375 56645 56647
3376 60144 60145
3377 57274 57275
3378 57435 57437
3379 62149 62151
3380 59784 59786
3381 58599 58601
3382 57823 57825
3383 65543 65545
3384 62629 62630
3385 58663 58664
3386 54768 54769
3387 61324 61325
3388 71572 71573
3389 45768 45769
3390 59775 59776
3391 60278 60279
3392 63399 63400
3393 61083 61084
3394 54502 54503
3395 59491 59492
3396 59844 59846
3397 58390 58391
3398 57673 57674
3399 58767 58768
3400 57194 57197
3401 63250 63251
3402 61529 61530
3403 49757 49758
3404 62935 62936
3405 54897 54898
3406 54616 54617
3407 55207 55208
3408 59418 59421
3409 58698 58701
3410 64274 64275
3411 59086 59089
3412 58595 58596
3413 59446 59447
3414 53779 53781
3415 60348 60351
3416 65305 65306
3417 52061 52062
3418 55363 55365
3419 59522 59523
3420 45025 45026
3421 57286 57287
3422 55645 55646
3423 59920 59922
3424 53157 53158
3425 61394 61396
3426 54520 54521
3427 57381 57382
3428 60265 60266
3429 57847 57848
3430 58519 58520
3431 61102 61103
3432 55944 55946
3433 56801 56803
3434 60280 60281
3435 55738 55739
3436 80525 80527
3437 89182 89183
3438 89093 89094
3439 88838 88839
3440 88810 88812
3441 89753 89754
3442 88402 88404
3443 88518 88519
3444 88853 88854
3445 88398 88401
3446 89893 89894
3447 88265 88266
3448 89530 89532
3449 87750 87751
3450 85998 85999
3451 89765 89766
3452 89980 89982
3453 88944 88945
3454 89122 89123
3455 85695 85696
3456 87633 87634
3457 89796 89797
3458 88126 88128
3459 88515 88516
3460 89523 89525
3461 88537 88538
3462 89589 89590
3463 89705 89706
3464 89585 89587
3465 89598 89600
3466 85025 85026
3467 89164 89165
3468 86571 86574
3469 87207 87208
3470 85233 85234
3471 85158 85159
3472 88871 88872
3473 89744 89747
3474 88767 88768
3475 88565 88566
3476 86707 86708
3477 88104 88105
3478 88132 88133
3479 88309 88311
3480 79651 79652
3481 88446 88449
3482 88302 88307
3483 84361 84362
3484 88017 88018
3485 88828 88829
3486 83341 83342
3487 89567 89568
3488 87911 87915
3489 88142 88143
3490 88751 88752
3491 86857 86859
3492 87329 87330
3493 84169 84171
3494 84064 84066
3495 88275 88277
3496 87976 87977
3497 88220 88221
3498 81564 81565
3499 89536 89537
3500 86237 86238
3501 85204 85205
3502 89734 89735
3503 88529 88530
3504 86252 86253
3505 86621 86622
3506 89378 89379
3507 87645 87646
3508 87463 87464
3509 89464 89465
3510 87276 87277
3511 88456 88461
3512 76608 76609
3513 86181 86183
3514 86388 86389
3515 88597 88598
3516 86011 86012
3517 84984 84986
3518 86336 86337
3519 86488 86489
3520 86002 86003
3521 75253 75255
3522 86074 86075
3523 89200 89202
3524 88884 88886
3525 88841 88842
3526 87100 87104
3527 88093 88094
3528 87897 87898
3529 86726 86727
3530 84998 85001
3531 88253 88254
3532 87868 87869
3533 86077 86079
3534 82953 82957
3535 87250 87251
3536 84855 84856
3537 87344 87346
3538 84831 84832
3539 86121 86122
3540 85585 85586
3541 84424 84425
3542 87566 87567
3543 89513 89514
3544 70797 70798
3545 76490 76491
3546 83509 83510
3547 86702 86703
3548 87742 87744
3549 82504 82505
3550 88506 88508
3551 86464 86465
3552 86060 86061
3553 88198 88199
3554 89900 89902
3555 82970 82972
3556 88271 88272
3557 84553 84554
3558 86920 86921
3559 85801 85802
3560 77709 77710
3561 88724 88725
3562 83769 83770
3563 83795 83797
3564 87362 87363
3565 84405 84407
3566 88755 88756
3567 85376 85377
3568 87370 87373
3569 85338 85341
3570 87046 87047
3571 87377 87379
3572 85310 85311
3573 84909 84910
3574 83255 83257
3575 78882 78883
3576 87826 87827
3577 86698 86699
3578 83741 83744
3579 84467 84468
3580 86442 86443
3581 86341 86342
3582 85036 85040
3583 81513 81514
3584 87740 87741
3585 84032 84034
3586 84157 84158
3587 84623 84624
3588 85991 85992
3589 85764 85765
3590 84920 84925
3591 86282 86283
3592 83753 83754
3593 84938 84941
3594 88024 88025
3595 75436 75440
3596 85143 85145
3597 86146 86147
3598 88184 88185
3599 85268 85269
3600 85595 85597
3601 80234 80236
3602 82628 82629
3603 87636 87641
3604 43567 43568
3605 57530 57531
3606 57104 57105
3607 60870 60871
3608 59416 59417
3609 54669 54670
3610 57869 57871
3611 57788 57790
3612 58084 58085
3613 57772 57776
3614 55080 55081
3615 54309 54311
3616 58053 58054
3617 55159 55160
3618 56690 56691
3619 58050 58052
3620 64608 64609
3621 57079 57080
3622 61958 61959
3623 55741 55744
3624 61878 61879
3625 55248 55249
3626 57705 57706
3627 56332 56333
3628 58929 58930
3629 60327 60328
3630 59211 59213
3631 55238 55239
3632 57914 57915
3633 42378 42379
3634 58807 58808
3635 57737 57739
3636 80154 80155
3637 44503 44504
3638 57485 57486
3639 55147 55149
3640 55559 55560
3641 60769 60770
3642 70840 70841
3643 55699 55701
3644 55186 55187
3645 56004 56008
3646 62964 62965
3647 65191 65193
3648 51912 51913
3649 56406 56408
3650 56010 56012
3651 57264 57268
3652 58113 58114
3653 55096 55098
3654 83020 83021
3655 48608 48609
3656 60799 60801
3657 51349 51351
3658 58334 58335
3659 50361 50362
3660 68549 68550
3661 51892 51893
3662 63454 63455
3663 51667 51668
3664 55834 55835
3665 57006 57007
3666 54536 54537
3667 57817 57818
3668 54219 54220
3669 62125 62126
3670 49671 49672
3671 57428 57431
3672 58307 58308
3673 57961 57962
3674 62650 62652
3675 48085 48088
3676 57081 57082
3677 55790 55791
3678 53519 53520
3679 57350 57351
3680 49993 49994
3681 54408 54409
3682 55222 55223
3683 54773 54774
3684 55513 55514
3685 52837 52838
3686 57211 57214
3687 53525 53527
3688 55211 55212
3689 56489 56490
3690 54618 54619
3691 75679 75681
3692 51311 51312
3693 55655 55656
3694 55720 55721
3695 48924 48925
3696 52459 52462
3697 54482 54483
3698 53482 53483
3699 49942 49944
3700 54487 54488
3701 54081 54082
3702 59014 59015
3703 54136 54141
3704 55556 55557
3705 54459 54464
3706 51864 51867
3707 54374 54376
3708 52027 52028
3709 52910 52913
3710 57347 57348
3711 52858 52859
3712 54405 54407
3713 59972 59973
3714 54702 54703
3715 56833 56834
3716 58208 58209
3717 43521 43522
3718 55055 55057
3719 44580 44581
3720 56422 56423
3721 52779 52780
3722 51845 51846
3723 58020 58026
3724 52404 52405
3725 75880 75884
3726 53923 53924
3727 52050 52052
3728 57220 57222
3729 46286 46287
3730 56224 56226
3731 54057 54058
3732 51674 51677
3733 55345 55347
3734 52131 52132
3735 53690 53691
3736 54718 54720
3737 51783 51786
3738 53436 53439
3739 54941 54943
3740 50993 50995
3741 68109 68110
3742 43190 43191
3743 55603 55604
3744 54475 54476
3745 55482 55484
3746 56659 56660
3747 52142 52143
3748 55515 55516
3749 52291 52292
3750 55330 55332
3751 51066 51067
3752 49375 49376
3753 54330 54331
3754 54247 54248
3755 53686 53687
3756 54412 54413
3757 50968 50969
3758 57399 57400
3759 48542 48543
3760 54523 54524
3761 53620 53621
3762 51480 51481
3763 51368 51370
3764 50768 50769
3765 53112 53113
3766 55636 55642
3767 50683 50686
3768 56859 56861
3769 52963 52964
3770 46823 46826
3771 52781 52782
3772 49440 49441
3773 52188 52189
3774 49229 49230
3775 55271 55272
3776 51303 51305
3777 61256 61260
3778 52351 52352
3779 51665 51666
3780 47982 47983
3781 53330 53331
3782 49927 49929
3783 49284 49286
3784 53845 53846
3785 52394 52395
3786 50532 50533
3787 55753 55754
3788 45985 45986
3789 52100 52101
3790 66725 66726
3791 44855 44859
3792 53656 53658
3793 54345 54347
3794 54260 54261
3795 46226 46227
3796 51073 51074
3797 54009 54011
3798 50509 50513
3799 47076 47078
3800 51974 51978
3801 50340 50344
3802 54757 54758
3803 48913 48915
3804 52197 52198
3805 45546 45547
3806 52740 52742
3807 53695 53697
3808 50305 50306
3809 51544 51545
3810 53486 53487
3811 50258 50260
3812 49676 49677
3813 49856 49858
3814 48727 48728
3815 53875 53876
3816 49068 49069
3817 51602 51603
3818 49603 49604
3819 53571 53572
3820 49236 49237
3821 47427 47428
3822 45039 45041
3823 66924 66925
3824 37627 37632
3825 52977 52978
3826 52690 52691
3827 53333 53334
3828 45418 45419
3829 46678 46679
3830 55509 55510
3831 51862 51863
3832 52179 52180
3833 51423 51424
3834 50073 50074
3835 49193 49194
3836 46479 46481
3837 60110 60112
3838 46869 46870
3839 49148 49149
3840 67117 67118
3841 78167 78168
3842 81832 81833
3843 87671 87673
3844 63154 63155
3845 86111 86113
3846 81840 81841
3847 80793 80794
3848 86667 86669
3849 86166 86168
3850 89933 89934
3851 79538 79539
3852 85173 85174
3853 83271 83273
3854 82017 82018
3855 88058 88060
3856 88994 88995
3857 42963 42965
3858 51168 51170
3859 46519 46521
3860 48097 48098
3861 48916 48917
3862 46262 46263
3863 42868 42870
3864 51631 51632
3865 48741 48744
3866 52406 52407
3867 47748 47750
3868 49166 49168
3869 50664 50665
3870 49319 49320
3871 56056 56057
3872 47923 47924
3873 49613 49614
3874 50518 50520
3875 50742 50743
3876 48134 48137
3877 47671 47673
3878 49396 49397
3879 51904 51907
3880 42996 42997
3881 59376 59377
3882 48448 48451
3883 50523 50527
3884 48568 48569
3885 49394 49395
3886 47678 47680
3887 49651 49653
3888 42104 42105
3889 62272 62273
3890 49592 49593
3891 43979 43980
3892 43453 43454
3893 46753 46756
3894 50215 50217
3895 37664 37668
3896 49759 49760
3897 48497 48498
3898 53762 53765
3899 46811 46812
3900 51391 51392
3901 44979 44980
3902 43772 43773
3903 47203 47206
3904 48364 48365
3905 46871 46872
3906 54654 54655
3907 45494 45495
3908 46797 46798
3909 49274 49275
3910 46582 46584
3911 48934 48935
3912 37811 37813
3913 48657 48658
3914 45384 45386
3915 51237 51238
3916 25427 25428
3917 45603 45607
3918 49495 49496
3919 45663 45666
3920 46024 46025
3921 47585 47586
3922 46423 46424
3923 47104 47105
3924 47798 47801
3925 45171 45172
3926 45151 45152
3927 51518 51519
3928 46616 46617
3929 45235 45240
3930 47681 47685
3931 45346 45347
3932 48992 48994
3933 47038 47039
3934 46179 46180
3935 47561 47565
3936 44000 44003
3937 45574 45575
3938 46503 46504
3939 46876 46877
3940 44731 44733
3941 45143 45144
3942 45274 45277
3943 43652 43653
3944 46000 46001
3945 47021 47022
3946 51272 51274
3947 44795 44796
3948 45980 45981
3949 47302 47305
3950 44808 44809
3951 50534 50535
3952 44168 44170
3953 43790 43792
3954 23346 23348
3955 51689 51690
3956 46314 46317
3957 50703 50705
3958 42489 42490
3959 39545 39546
3960 46053 46054
3961 47790 47793
3962 43648 43649
3963 46726 46728
3964 49900 49902
3965 43836 43837
3966 44512 44513
3967 46774 46775
3968 45497 45498
3969 47938 47939
3970 44773 44775
3971 44044 44048
3972 49081 49085
3973 53095 53097
3974 43374 43375
3975 46879 46881
3976 43007 43008
3977 46795 46796
3978 44143 44145
3979 45339 45340
3980 44595 44596
3981 47880 47881
3982 39653 39656
3983 46784 46785
3984 45967 45968
3985 44441 44442
3986 48383 48384
3987 44683 44688
3988 42567 42570
3989 46525 46528
3990 45252 45253
3991 47816 47820
3992 46644 46645
3993 45638 45639
3994 43776 43777
3995 44999 45002
3996 45270 45271
3997 20494 20495
3998 44476 44477
3999 42638 42640
4000 46015 46019
4001 44500 44501
4002 41220 41221
4003 52015 52016
4004 30637 30639
4005 48456 48460
4006 41568 41569
4007 45107 45109
4008 48882 48884
4009 44243 44244
4010 47607 47608
4011 35951 35953
4012 43548 43549
4013 47594 47595
4014 40991 40994
4015 42112 42114
4016 44164 44167
4017 44273 44274
4018 52356 52357
4019 42906 42908
4020 44741 44744
4021 44390 44391
4022 44722 44723
4023 44372 44374
4024 42132 42133
4025 58210 58211
4026 43119 43120
4027 46665 46666
4028 41027 41028
4029 45686 45689
4030 43261 43262
4031 42555 42557
4032 42662 42663
4033 44443 44444
4034 42291 42292
4035 48406 48407
4036 38616 38617
4037 43641 43644
4038 41249 41251
4039 43382 43383
4040 41711 41712
4041 42782 42783
4042 41942 41943
4043 44109 44110
4044 50826 50829
4045 49089 49092
4046 40340 40341
4047 53833 53835
4048 40963 40964
4049 46689 46690
4050 39549 39550
4051 40354 40356
4052 48385 48386
4053 45284 45285
4054 44062 44063
4055 42473 42474
4056 41891 41893
4057 36843 36844
4058 41921 41922
4059 40255 40258
4060 42735 42736
4061 46048 46049
4062 40924 40926
4063 45010 45013
4064 40515 40516
4065 44084 44087
4066 43059 43061
4067 43204 43206
4068 46181 46185
4069 42958 42960
4070 42039 42040
4071 30672 30674
4072 39795 39796
4073 42898 42899
4074 41259 41260
4075 41452 41455
4076 38451 38453
4077 40367 40368
4078 40831 40832
4079 47219 47221
4080 37683 37684
4081 42017 42018
4082 37256 37257
4083 39619 39620
4084 43726 43727
4085 41644 41645
4086 41995 41996
4087 34923 34925
4088 42641 42642
4089 38168 38169
4090 45209 45210
4091 40336 40337
4092 40284 40285
4093 40733 40734
4094 39547 39548
4095 43126 43127
4096 39962 39963
4097 39064 39065
4098 42612 42613
4099 40210 40211
4100 38364 38365
4101 43706 43707
4102 35941 35942
4103 43799 43800
4104 42480 42481
4105 54468 54469
4106 21891 21894
4107 40788 40790
4108 44747 44749
4109 41324 41325
4110 37639 37641
4111 41227 41228
4112 38063 38064
4113 36929 36930
4114 41698 41699
4115 40478 40479
4116 40541 40545
4117 40869 40870
4118 38581 38582
4119 38889 38892
4120 39787 39789
4121 37009 37011
4122 33368 33370
4123 39881 39885
4124 40984 40985
4125 34912 34913
4126 61379 61381
4127 39801 39802
4128 41619 41620
4129 41290 41291
4130 36785 36786
4131 41063 41064
4132 39395 39396
4133 34451 34452
4134 42433 42434
4135 39311 39313
4136 44257 44258
4137 32706 32707
4138 60010 60011
4139 33898 33899
4140 39694 39695
4141 40291 40292
4142 34535 34536
4143 40795 40796
4144 45349 45350
4145 17273 17274
4146 41691 41692
4147 39778 39782
4148 35467 35468
4149 39712 39713
4150 41154 41155
4151 39861 39862
4152 40810 40811
4153 36871 36872
4154 33885 33887
4155 36267 36268
4156 35594 35595
4157 40266 40267
4158 35445 35448
4159 35725 35726
4160 36440 36442
4161 40319 40322
4162 35956 35958
4163 39672 39673
4164 39230 39232
4165 39060 39063
4166 39827 39828
4167 40907 40908
4168 56840 56842
4169 26223 26224
4170 39210 39212
4171 40473 40474
4172 38901 38902
4173 36427 36429
4174 35170 35171
4175 46409 46410
4176 36039 36041
4177 40431 40432
4178 37099 37101
4179 45447 45448
4180 42346 42349
4181 40143 40146
4182 35135 35136
4183 35476 35477
4184 34571 34572
4185 37309 37310
4186 39739 39740
4187 40017 40019
4188 31636 31637
4189 40672 40673
4190 29303 29304
4191 40989 40990
4192 32870 32871
4193 39666 39667
4194 31485 31488
4195 37136 37141
4196 38393 38394
4197 36596 36598
4198 36560 36561
4199 36097 36099
4200 38003 38005
4201 37495 37497
4202 33165 33166
4203 37650 37652
4204 38420 38423
4205 36619 36620
4206 35458 35459
4207 34961 34962
4208 39748 39749
4209 48778 48780
4210 29680 29682
4211 37946 37948
4212 35428 35429
4213 31986 31988
4214 38019 38020
4215 31089 31090
4216 40968 40969
4217 37969 37972
4218 34974 34975
4219 36553 36555
4220 30897 30898
4221 37238 37239
4222 37845 37846
4223 37338 37339
4224 35002 35003
4225 38035 38036
4226 41818 41819
4227 26208 26210
4228 34980 34982
4229 41718 41719
4230 40450 40452
4231 35425 35426
4232 37340 37341
4233 35704 35705
4234 33747 33748
4235 18407 18408
4236 34722 34723
4237 40625 40626
4238 35565 35566
4239 34618 34619
4240 39518 39520
4241 34939 34941
4242 34266 34267
4243 37661 37662
4244 35529 35531
4245 34831 34832
4246 33470 33471
4247 35293 35295
4248 31531 31533
4249 34346 34347
4250 39465 39466
4251 38283 38285
4252 34516 34518
4253 35706 35707
4254 36852 36853
4255 35832 35834
4256 81739 81740
4257 21506 21507
4258 37342 37343
4259 28805 28806
4260 38116 38118
4261 34149 34151
4262 37543 37544
4263 34829 34830
4264 36987 36988
4265 35363 35364
4266 29384 29385
4267 39266 39267
4268 30368 30369
4269 38634 38635
4270 33026 33027
4271 34694 34695
4272 35977 35979
4273 37773 37774
4274 34173 34175
4275 48350 48352
4276 36084 36086
4277 34004 34005
4278 33399 33402
4279 39824 39825
4280 31910 31911
4281 36542 36545
4282 31435 31438
4283 35399 35400
4284 35180 35182
4285 33692 33693
4286 36269 36271
4287 33976 33977
4288 33390 33392
4289 35109 35110
4290 26997 26998
4291 33039 33040
4292 35316 35318
4293 35036 35037
4294 34927 34928
4295 27115 27116
4296 34268 34270
4297 34530 34532
4298 34206 34207
4299 42808 42809
4300 29492 29494
4301 39508 39509
4302 33540 33541
4303 33952 33955
4304 34987 34988
4305 32801 32802
4306 33662 33663
4307 33625 33626
4308 35687 35689
4309 21136 21137
4310 50495 50497
4311 6853 6854
4312 17686 17690
4313 20173 20174
4314 13778 13781
4315 20363 20364
4316 7185 7188
4317 15597 15598
4318 13004 13005
4319 11068 11069
4320 14004 14005
4321 9171 9172
4322 15558 15561
4323 12969 12975
4324 14617 14618
4325 13254 13255
4326 9817 9818
4327 16487 16488
4328 11456 11458
4329 14047 14048
4330 12083 12084
4331 13562 13565
4332 14943 14944
4333 2148 2151
4334 6775 6776
4335 10704 10706
4336 13991 13992
4337 14341 14344
4338 13736 13737
4339 13423 13424
4340 14090 14092
4341 12595 12597
4342 15083 15084
4343 12616 12618
4344 21817 21818
4345 13558 13561
4346 12072 12073
4347 11604 11605
4348 12883 12884
4349 13722 13724
4350 14300 14301
4351 7626 7627
4352 9799 9800
4353 17657 17658
4354 8658 8659
4355 7057 7058
4356 13425 13426
4357 13146 13147
4358 12570 12573
4359 11416 11418
4360 11574 11575
4361 12138 12139
4362 13225 13226
4363 13975 13976
4364 12038 12039
4365 13636 13637
4366 12576 12577
4367 9551 9553
4368 14302 14303
4369 12942 12943
4370 15903 15905
4371 12168 12169
4372 10532 10533
4373 21770 21772
4374 6277 6278
4375 10313 10314
4376 29380 29381
4377 34281 34283
4378 43210 43211
4379 31481 31482
4380 36549 36550
4381 32179 32181
4382 32457 32458
4383 35478 35479
4384 29639 29641
4385 32591 32594
4386 33596 33597
4387 35805 35806
4388 34896 34897
4389 30530 30532
4390 36709 36710
4391 26619 26620
4392 33922 33924
4393 36151 36152
4394 31266 31268
4395 30591 30593
4396 32996 32998
4397 32763 32765
4398 40295 40296
4399 33371 33372
4400 32114 32115
4401 31226 31228
4402 33328 33333
4403 35277 35278
4404 31992 31996
4405 42512 42513
4406 34856 34857
4407 30371 30372
4408 32514 32515
4409 31775 31776
4410 42326 42327
4411 31544 31545
4412 36293 36294
4413 28294 28295
4414 31921 31922
4415 31050 