100
4 2
5 2
6 2
1000 1000
1000 1
567347 566847
392194 367703
500000 242061
999999 499998
500000 1
555086 528225
257830 228173
1000000 262144
592579 446352
1000000 999999
999999 1
751864 650501
500000 500000
326450 295488
270231 258535
999999 262144
1000000 2
1000000 499998
500000 127
999999 999999
3 2
338684 314188
999999 128
500000 249999
1000000 524287
4 1
686324 618703
606738 469797
1000000 494155
1 1
616230 513973
5 1
1000000 128
263543 200585
289207 232082
1000000 421998
558190 436080
880682 667233
354068 288097
1000000 475712
613500 520107
555848 461223
1000000 262143
438881 389988
500000 262144
1000000 524288
2 2
999999 475711
500000 262143
349515 325825
861247 657906
999999 262143
961144 921853
500000 250000
1000000 500000
500000 217896
500000 499999
999999 460649
999999 475712
1000000 127
500000 128
999999 524287
3 1
987757 949302
999999 522516
471938 462541
1000000 1
999999 999998
660635 506821
999999 127
778217 649288
1000000 499999
500000 249998
992323 820423
835066 812879
500000 237856
918601 784984
999999 499997
372043 341656
1000000 475713
880915 805957
2 1
809894 798799
1000000 1000000
884868 721231
999999 2
500000 237857
999999 524288
621784 621070
500000 131072
999999 499999
347952 273646
997646 835664
500000 2
500000 131071
