8202
0
78134
75270
51551
69592
39071
74256
22468
76550
35909
61580
68863
73351
38477
16695
60869
67315
23575
59675
59582
71744
75486
21726
77219
62923
58287
60215
66630
69148
41954
39903
74944
72001
76630
10608
78277
68333
69252
69570
47562
37806
60481
78020
56542
66159
44812
69262
76904
68276
72267
53581
58642
25448
64723
74704
61307
68020
65912
52045
50387
71524
72061
61106
75494
65834
37459
49574
65476
50370
53880
74145
69707
72763
64225
33645
70181
79698
56441
70937
70819
43876
20393
62130
67797
73867
53492
78702
61855
65024
76055
40392
62896
44123
53947
77836
66329
75488
65452
63337
64155
64024
76020
66985
61496
51667
77956
14750
53297
41697
76489
47146
79365
6680
59631
62782
70784
78738
44522
53339
65713
55382
72431
51318
79894
75983
77034
79112
69381
44469
76493
75740
68634
50295
75320
78449
76225
66112
42923
75614
67956
57406
55507
48075
56552
49828
71942
63521
77237
77712
78326
48944
52077
77845
70293
72642
69770
57051
69266
32812
51973
79198
76868
75852
70052
73435
48234
59176
73990
64353
63580
55453
57490
68514
75934
70540
75447
57151
64201
73905
70111
64575
68931
75212
60098
55799
31779
79841
19096
64608
68152
41929
72549
68213
73678
41148
71890
34435
59662
57842
58386
44897
68721
74673
33240
73284
57811
56573
76908
78100
57104
64137
76972
53064
68056
77194
75961
57884
50433
39168
71939
39789
60571
32010
63085
45679
53949
76001
24182
53355
74003
70800
62645
69888
67973
78562
49484
67341
67452
78515
64381
42510
40477
67537
42794
79088
59298
52948
56283
47006
67414
78651
77751
79084
79229
59145
78779
78948
23953
49356
51844
68727
68317
76990
49605
58920
72140
77339
79695
37220
77178
77406
71553
72488
53987
77924
59079
28443
50348
62288
75158
69445
78700
79531
15473
54541
42626
60520
76517
62082
76729
79459
55590
64589
48330
70085
72848
73432
74777
66717
70983
66576
49129
72823
69663
64982
64198
58659
62518
74585
71446
77981
56007
31817
76451
41165
78520
15766
76203
71003
72832
71543
67116
74057
77185
64018
62536
60891
51741
72638
48147
75681
73298
59840
63951
64393
79948
69998
61973
59795
69994
39408
29833
69695
73330
79249
45339
58343
57971
67997
79587
18145
79517
70740
36976
37140
75042
66943
43043
77904
50179
75458
55939
42077
79838
76994
52683
79272
61329
55607
74543
48496
13595
52269
62081
58731
77593
77308
49985
71416
79049
12448
72170
79352
62147
47652
22517
76640
79262
78957
58359
74165
64546
79302
74259
73537
63643
46170
76318
54010
49651
62337
67484
76478
73893
74397
73507
58488
57919
79984
64703
66148
50012
46279
75094
73164
79402
69989
68246
38023
19698
40360
58108
43016
2908
58713
63310
77261
69749
76431
59611
67261
75933
77968
46448
72902
73021
75161
71534
61913
78310
65396
72228
63492
37282
61443
79219
69586
54294
72322
73428
58789
73655
46110
79205
65708
78898
73167
74760
76257
57029
68330
50202
69128
45211
79762
62556
68814
79596
70131
64059
65400
20165
75154
76700
39457
78271
66910
53916
75242
73789
41505
63250
60883
56346
51110
59648
77990
62118
59191
74263
73086
79052
72361
68657
28503
36846
74885
79590
69290
70878
78375
71242
33932
61294
79853
75918
79719
69221
53248
61939
72985
67240
68360
72903
72885
65906
65689
71596
75144
50977
68367
73349
75096
63484
70377
72899
61064
79358
14454
72393
69916
70643
67417
44701
64677
70691
57237
19248
72951
51713
38928
74571
75328
77634
67618
68134
57090
60954
77978
57823
77727
10941
73699
67961
24395
75964
24955
70259
61713
65424
79996
73031
79955
46989
74931
78138
74745
58617
79957
78499
68827
73910
79194
77562
57111
44528
76689
79765
47029
79633
25079
71494
76353
77827
50175
75480
72254
65511
73204
73525
68811
71006
52221
61418
76207
67609
63205
69760
41868
47479
76589
77273
53084
66145
79657
69251
79175
64468
72095
78054
72794
33668
53556
74870
26275
74920
58531
57176
32676
77645
52415
77444
59801
74288
62458
69608
48544
39491
59747
68383
79514
48492
73711
61295
70349
65319
56221
73276
79105
62491
62138
71469
50951
75303
60687
39233
76594
69793
68485
54236
66555
69503
59674
11993
30129
59951
48067
75063
3118
76940
79203
78265
49946
73460
74061
63000
53179
78843
41121
75162
49369
76606
78902
58266
64758
27323
68828
61715
77487
36673
79189
75108
57393
79071
78502
71229
67951
79537
53516
44856
43669
71340
72409
78193
52015
71347
79516
66839
64049
73660
52295
37474
52855
29576
65987
70369
70584
77655
58720
68740
65939
65390
63091
50638
77929
14606
72648
68288
53876
66681
77986
42090
59419
71497
53572
41726
73244
69739
42607
39570
75551
78240
41698
78620
59164
29968
59288
78635
39632
71278
66107
75561
77796
71061
66243
76352
79816
78735
78505
70300
70865
60967
52233
71510
77699
58883
67798
67439
71167
79390
67065
54971
20362
65542
63680
75574
45120
79038
69317
73400
76178
76500
64535
22932
66520
54496
50040
66227
62953
71065
44990
43808
62102
72593
41047
78159
64285
48455
79118
65983
59579
77676
63218
64006
56870
72991
65722
61679
74867
29190
74080
56608
74390
79929
55758
52487
70142
71803
77097
73737
79382
77039
62649
57767
69973
71067
47982
76309
74075
43635
51475
68699
72387
48799
59277
78170
51398
36682
61620
73200
74141
65545
67926
49640
78132
61178
79901
65662
78018
79718
79835
78681
62420
76492
56281
73898
74945
72104
59324
78002
78293
71086
26759
61710
31556
76764
59562
60829
60611
73630
54883
78443
79026
70486
70050
19235
68120
75363
78761
54735
62996
79463
52113
62624
45202
66447
72264
73639
76436
77353
50021
71173
64805
73560
61004
59181
37204
71440
61043
79453
41223
75795
48406
68406
77928
61656
59470
71781
77851
58826
53744
67784
77615
76504
47693
56280
75667
79369
79604
77202
79398
63196
67357
55698
36220
60972
75321
68332
28686
43606
69081
65756
67218
70410
65681
66786
65383
62399
73187
76287
77115
38354
75075
78097
73413
54526
78938
56306
78797
30101
67777
78707
69050
65723
60725
46876
61451
79631
72169
64307
70786
34595
78436
71950
64894
69795
59128
46471
41283
61550
36680
3674
48934
72418
66775
75379
68497
63600
76656
63902
46874
77279
65869
79251
54886
35445
78432
62230
66532
42936
79712
72615
65590
70885
62682
68365
79939
61204
54905
65726
72296
76874
69812
65233
58830
40760
47305
76256
70854
74720
72707
65883
71018
4331
58517
76074
43816
59546
71610
70627
79491
65679
65202
68259
73987
74329
76645
49090
72862
77745
79628
66923
76912
73582
79036
54158
79295
51783
76496
31938
69064
78937
77367
59596
71243
68320
76553
71673
72833
44650
52210
76366
78802
51439
55805
24026
79165
56454
60874
55273
61588
72370
24320
74782
48676
59156
7381
71613
61480
71343
75765
72198
43939
66703
72261
38104
48248
54902
66875
72556
51635
66201
62492
71768
68110
76778
55099
61167
72852
70247
38941
63435
72761
51598
38813
56461
66412
55407
76595
72863
73216
37155
50758
69354
68417
61981
44298
77491
59007
78058
79578
68851
48294
63360
67884
66439
58278
75472
71555
60734
67408
68305
78060
53540
72844
49006
68780
51371
76997
71808
64970
74422
79408
75425
79786
69500
76841
11683
59792
78964
59930
75869
73199
78081
67721
19673
63717
76110
62920
74492
76139
29283
74453
61276
78225
38548
69370
70055
59872
79772
72845
45446
75884
75047
73294
50205
60582
54925
68859
70090
69427
64471
70450
79642
63768
47934
44499
59835
65417
69378
44786
48123
78976
57632
73882
45758
31362
46446
47894
79532
65215
65249
70897
75170
48815
68666
77690
76900
73986
35276
60057
69552
77226
68956
74171
75131
70014
38376
67245
78055
67457
73126
78246
73052
69159
59961
78628
58001
69643
55276
43704
61871
79300
72030
65874
50717
40017
42722
70656
62307
52569
79417
77400
34339
63529
73137
40098
43759
62366
70538
77652
76846
78431
69911
78557
79729
69837
75754
69325
75594
61296
75902
73058
74265
69279
54040
62519
76306
50800
65569
59017
79964
28295
29848
70570
66836
73469
59836
70579
78828
28319
28692
72096
74022
63547
40923
47746
57430
69167
76401
69892
51596
70357
72214
74476
47358
74248
59096
74109
78123
14857
78985
79582
35620
62836
45848
32179
69585
58634
79224
79097
79313
68823
76100
59920
75000
51368
4823
60646
74146
46030
65311
76653
75970
63527
62594
68768
45630
68248
60459
45020
79396
69295
73104
20771
40895
77995
77340
69534
50646
59549
64506
70653
61560
72618
63545
74347
70382
70679
69523
72591
51788
74353
70084
77025
78754
47878
70680
74923
75836
55357
69314
62579
44953
69516
78206
56111
33985
52400
71771
77641
58415
75583
49204
78661
26361
78934
79969
37407
52302
39355
67949
75618
79145
72025
75014
58432
60592
61601
28641
79468
66223
57603
77439
53328
29093
55707
58808
74877
66020
53056
79185
44084
61677
40380
37743
67785
68251
65334
74606
59885
72443
74875
47597
78955
78811
69179
56177
36601
65492
38067
57574
46849
64639
49274
66304
75399
75278
74882
49711
71506
64729
67141
71558
69201
78549
59561
72080
65477
50783
67835
75722
40223
35383
64256
41414
77158
77125
61925
72187
71399
67727
56148
76081
67225
56208
65508
51331
76359
66500
31905
71917
72136
65896
51622
71428
61140
66876
68621
46222
70890
28876
76439
42710
77585
73166
72651
57089
79336
72565
71671
72466
53883
65875
70659
76944
65696
74125
6250
75249
76090
72788
64803
74893
64002
40671
76067
73094
64541
77375
74240
74620
66610
73311
60523
73039
72584
68841
14763
77912
45669
68443
49584
43062
31391
70623
70209
69423
78021
70076
26043
74495
47356
79239
41939
75171
77722
60537
77604
78171
73946
75888
78753
74376
70794
72778
74988
69505
60902
67882
37165
77052
61149
71403
75485
67332
57273
51757
56781
67400
68792
65916
49814
60406
62054
62820
77718
75420
61262
62253
70043
65134
43409
61947
72773
68354
32706
79673
77459
69039
75180
34787
61404
66812
78461
55870
32580
65940
67097
41537
54667
68542
69623
69083
76859
75248
79947
48362
73293
63491
75586
69615
78736
69090
79495
69692
49289
79912
48690
79954
74372
77164
50034
56307
70998
65489
64427
70909
63807
61507
73534
72499
73045
79788
61446
54733
46777
67569
42241
73999
62899
72176
41454
70904
78381
79133
30112
67157
79897
50234
44461
70546
76898
56842
62225
65025
78351
74153
76655
44834
54784
74622
60033
78127
72034
72674
56837
79353
64728
77715
52864
34844
78207
62824
56500
23796
53952
51739
73966
68454
10948
62525
74277
67061
61097
35476
50792
48066
17416
71944
68275
61685
79700
50552
76045
50328
79283
61291
79852
73218
73197
56769
63569
75558
74595
56121
54140
75761
79328
71395
78675
52525
51111
48969
71401
37437
74435
66842
78875
34300
72179
57580
54014
37709
68940
76292
71569
55113
51150
69704
70736
35730
58607
74410
73795
69796
74135
72714
74131
67871
53973
78965
68382
64507
69860
77438
52080
56488
56675
75204
79500
63065
66160
77196
39118
71456
65954
77430
33095
27816
49193
62830
78863
65176
76346
64783
58927
46424
42316
40595
73016
58280
62975
69512
64678
63321
76858
52544
68037
62022
77710
78101
73641
69556
76712
15884
52489
62403
77997
75712
39294
53308
65947
67284
79544
71009
53207
61417
66440
50140
68720
23132
77105
66690
51133
64598
78941
76760
74675
30092
79689
68017
69357
61155
79256
55004
76596
65899
56004
58361
73543
52043
58519
78877
74731
75591
55895
73198
71033
47261
51955
69168
78445
23317
64648
76560
64731
69549
50288
38982
56514
72668
49254
71157
40267
78792
49878
75156
48035
74807
52082
63887
72749
47662
58249
71737
77284
78944
70098
61115
12561
75315
75409
47981
75285
72164
23305
61395
58083
75481
40221
72385
71433
61752
54924
78069
48304
65242
75984
63755
66399
76443
71117
71196
77673
45830
70010
75924
77116
77885
25457
78390
76291
75654
71513
75987
71930
40231
49893
75332
68345
44794
19106
60227
79702
72442
60841
1141
75986
69988
51995
74603
74747
46521
67889
59130
77880
76756
77932
74415
71462
69101
67542
59818
73912
66708
57488
66110
66984
76886
73704
59148
69620
57951
76311
66244
61330
63853
51159
64652
61982
38378
62668
31840
57996
68874
55880
70316
37429
62071
64791
63984
74231
76883
74984
70153
71611
71807
70264
29209
55379
43596
49635
72718
60728
73306
69089
75717
55921
54345
45043
50831
68380
76890
37321
79067
35671
69987
58566
77637
76434
71649
68174
63445
67493
78819
74332
72487
78787
63779
78414
50825
39849
74749
48464
66761
72246
49889
78686
77947
78757
76985
75639
44064
71703
42102
74516
52676
75543
77651
74590
75990
67622
52061
76692
20077
78129
35067
58761
69276
54835
5361
58397
75061
43952
79966
70063
47603
79833
79143
57263
34663
71935
70860
64905
79187
78434
52918
71381
75926
38620
76782
69598
46179
76461
66719
52819
65115
32420
65371
75166
55003
57455
73908
73211
73541
72206
56491
77250
74359
55483
69417
69149
27668
68583
75120
72151
57998
58391
55508
58426
72592
75378
38785
74342
79903
72426
38056
61552
71263
79120
66306
67738
77820
51669
75192
67331
77123
75010
77899
78866
49045
72851
62103
61310
70690
41419
69653
63628
69024
64089
78658
48965
78417
69831
71948
78379
68116
63355
69475
76239
46644
75700
58193
75461
65865
76464
74450
53284
71974
77071
79612
79450
75516
66948
71579
79444
65381
70980
59977
68051
66838
57245
64445
45353
78879
79870
67450
52520
75595
75370
77297
79376
49877
68183
35163
64142
65930
58655
15436
56753
57797
59700
65755
63479
74751
72587
77918
60613
76027
73334
75655
71178
50944
29070
61022
76016
72559
76667
56411
65026
71965
61312
68511
79192
79735
71316
29808
67195
79293
75284
35684
58018
61658
42067
54126
45468
50486
78319
73670
62872
73656
39780
70950
76163
64700
77661
39296
63254
59182
73174
75333
43586
78997
59815
68370
70589
61320
61819
71091
56113
53944
65847
75336
47286
29390
48832
73471
66416
70398
61728
71434
58402
64189
78467
27480
47082
67994
64368
77119
78849
20572
54960
79961
79522
70974
63551
58917
70032
41601
76566
74739
79991
45720
74357
76836
57660
77189
52824
65117
19802
76022
60512
73459
56110
61822
78604
69358
74266
62175
23019
27751
65125
78268
78282
59063
55128
50304
74218
55620
67346
75218
78480
76622
42985
40787
72461
69657
78070
73589
75043
75945
79601
70167
64584
59898
46141
58844
64043
62884
56760
73569
79241
53497
62200
66117
77200
67751
67454
39320
60916
72781
76955
59541
59026
77024
65403
47333
72987
73970
33584
73473
79733
76672
46054
69210
79197
67619
63050
75830
68006
62213
76091
73692
61621
69218
32948
66652
77557
77295
70225
57017
47509
53095
79743
63936
68793
56415
71884
78839
73514
43841
49899
31866
60132
62028
79117
66544
69968
73610
72445
78617
56060
60344
16952
76009
59608
48510
68433
72843
66249
64122
66024
74840
60836
30859
75129
57502
62974
62169
44202
73573
43973
71482
48178
59760
45242
71472
61911
44087
54066
39035
35971
79016
69554
72909
48898
66276
74793
50779
77515
43179
61337
57602
58995
44998
49843
53585
50636
68109
75901
69508
78717
68215
76250
78229
79475
74079
78664
74589
79148
44120
55177
58466
66180
68632
79136
60166
39720
54357
79914
61935
66789
59551
74567
66992
60805
67686
60064
79839
79279
77186
69826
59159
79287
64983
44279
79240
76060
70771
71996
40381
66525
68145
74187
74027
74831
68521
52672
78599
68230
40704
52411
29445
41176
73561
67377
78745
51144
63678
44153
69983
75876
72459
71893
67498
77247
72010
60713
46070
73309
55293
70431
66952
77627
73292
72381
78289
68700
71228
66685
32353
36721
77509
56944
60412
78383
78627
71032
76720
46323
77599
74055
65047
41671
77060
75478
37646
53498
33663
42637
74217
74599
49815
31587
70939
77165
64509
62895
36022
78426
61615
79314
66832
64697
59362
71258
70374
66226
57448
31904
65924
57088
70624
69802
74981
65643
78017
71507
71695
74954
54197
73329
63673
78092
70169
74775
74424
63602
69107
63460
73206
65851
75273
70321
77023
75008
75252
69216
66995
79367
77431
39546
68492
15721
65744
63932
61458
53815
32327
39173
58306
55560
21734
35495
41025
63210
70280
61517
62287
62037
78679
60387
73761
65654
55814
63060
69219
51458
73646
70348
64604
67196
73010
79416
75793
71265
64526
72350
135
28032
26056
74384
60721
29373
79778
79902
52753
49960
33472
19140
28567
75312
25766
71204
54338
46012
58245
56436
58698
69548
78120
42989
68088
56969
53424
74325
76563
72359
45670
78221
65588
72922
78071
79250
52841
57728
79021
50843
56403
68325
46380
61795
65166
67109
71826
61439
66474
75809
65608
68861
38441
75659
69154
42805
66164
35155
75750
51307
52432
71947
63931
56503
56611
63111
72561
40529
69639
62329
72275
74221
79679
78978
70251
67610
61974
51441
79776
62001
65618
58968
20424
36610
75661
49410
79329
72837
44382
75095
78108
47423
53223
57528
79535
63804
52365
62503
39666
44184
42993
38124
76217
72898
31347
78861
54910
68576
73972
68197
58919
61351
13420
78733
70396
75107
79658
77847
51768
77537
15760
58370
75725
62430
25511
68385
60021
70498
63284
49915
70333
77348
78649
58409
55314
69038
50118
24723
74447
75783
69302
63823
65273
79963
34952
43950
79730
59640
16968
78616
44851
68064
64681
77782
77883
74596
75358
73690
79006
67629
73352
61462
48779
49783
77442
72518
64865
31756
66023
34099
64993
71023
66012
56358
65293
78023
67234
47452
60717
38239
73935
29372
66515
47861
59934
66956
65407
75199
58863
60748
30356
75393
70113
67536
77892
77813
61510
76884
58147
74913
76474
59265
70360
49664
74458
58089
63677
71380
52790
62418
30369
37093
61997
74330
74638
58003
65320
48591
73228
73383
46376
74787
56750
60756
71616
59687
74189
70033
72060
75350
76887
77423
53320
76005
40128
70797
73175
78969
74130
74804
74853
70476
15784
71693
71111
67436
69844
56133
63876
73599
55219
72622
64068
65946
65518
75889
69488
72940
73943
67636
58347
47750
55729
16083
56308
78998
45393
77328
64848
76243
60213
75414
70384
74448
74837
54457
78714
36184
76344
67548
68282
72220
57050
69281
79079
28962
72808
69027
65167
72103
70478
67076
62029
74847
74436
77473
76135
66142
48331
65780
41740
69711
42919
67154
55016
75565
52005
79151
70434
76471
66446
53637
77417
79909
50342
22879
52985
47262
69818
54951
76852
76570
57265
75318
68760
75606
50955
76373
55770
76797
70190
68529
68375
24282
77536
79364
37219
38914
70306
72342
61323
78201
56101
70263
57796
51751
63766
65057
53107
52289
47302
46920
61673
69297
31858
66947
73780
60206
60504
44980
48577
56428
52420
52914
69261
78541
63251
27486
77084
78825
69272
78369
79080
76880
53475
63742
60399
73389
62838
63363
78710
57793
63649
62043
74640
71938
78126
66391
74249
79907
69240
22225
16413
37759
68319
73231
78524
79010
79350
73205
74710
58905
71386
75777
61370
77287
65706
78163
49662
67242
73953
60918
35201
71774
72472
63269
78494
60945
63674
67311
66989
52958
71359
43750
65610
69228
67761
61637
78560
56933
36328
76095
75492
70834
62678
77771
63461
59676
71418
76025
62481
79650
45631
58596
65574
37912
65169
61721
48847
74504
74393
74023
78422
69374
73743
67159
66767
54148
65501
28703
79233
67535
72786
77869
46818
59827
79938
23918
48493
58833
60895
70317
78612
54827
47401
69486
26962
50563
59668
66545
37369
10429
68344
43027
54008
66426
65787
72171
54578
75572
71702
42735
75978
54057
71101
72537
64816
34577
78522
71212
47802
71045
61608
38446
78204
60859
48567
69409
65942
73380
72137
79759
75566
46884
74279
79033
77042
76541
79013
74535
58869
71110
70311
51088
64111
23423
76175
77479
50741
72244
62124
24146
70918
66196
65435
49965
74917
70506
70731
57932
64098
79527
46114
45224
68788
74272
73892
67934
73734
71406
39549
79891
58313
62753
64475
78858
61477
64733
49438
24778
74617
56150
69519
68168
71873
61148
49146
78591
70208
79081
75511
78360
64288
63110
57724
58050
48939
75413
73611
67205
67129
63785
76116
61750
76466
77318
59533
75922
66826
61549
70994
68052
75522
66553
78748
68363
45899
70204
43578
58573
73681
49003
73733
57282
78767
68339
69315
76941
58900
78534
77449
37241
67597
66444
68318
79455
75625
78569
47342
53201
55568
50195
19127
30492
65523
72676
76343
71040
64881
76682
55288
51564
76162
77223
52069
79893
68688
46568
78076
79640
78850
76115
48793
69264
65028
63126
59683
60624
71735
53429
60211
55979
78349
66327
62188
78153
72068
71314
64488
67990
52936
38805
21029
70218
68297
68136
66428
58229
56786
13460
75444
48288
71640
69721
66791
58832
68909
50212
71627
69565
63550
67642
76564
56788
38509
25940
79970
75730
78437
79349
72304
44945
51271
40297
30460
70827
52134
71837
59161
72058
64039
49176
32484
6420
7756
56452
36967
61390
74190
77402
78953
77937
75033
75467
57887
72879
72510
58098
69952
76522
75684
56928
46488
71352
59580
64577
49154
61996
66932
38648
67217
57557
76078
36678
75719
76253
34507
63291
68464
76422
65782
56318
74414
67815
66909
57655
34769
57323
20966
73310
65312
52788
67246
58545
65985
42839
59720
78285
58012
19118
77584
73019
31310
63778
78806
45824
64708
72002
28854
58338
61290
61556
75274
77253
64446
75167
72021
51098
55393
70206
70001
59630
71805
41967
56579
69665
73504
60568
71542
48675
54986
49227
57910
26086
75965
77272
72256
70256
63359
57607
67675
59820
76821
77481
67694
73179
73036
56990
42330
59786
73719
60965
72656
73365
72670
77380
64450
47158
24786
35147
52850
71899
66070
63684
73484
61108
31932
70582
78703
70491
79091
65287
68519
27572
65227
71455
78074
49541
70253
66762
77397
56401
68453
50456
77910
68472
76331
66788
46255
61308
39182
64989
73677
55475
75937
27006
55336
67428
58398
53310
75737
45804
79916
77361
72982
70469
65818
37975
73759
74597
36345
56820
66873
49458
68013
62500
48541
75909
24776
26206
69651
60794
79879
41157
48089
54894
74123
74232
78836
53593
69131
75780
51620
78993
64573
9062
57860
35798
66095
66417
76234
77096
72477
70138
62706
69278
78712
79448
76685
76035
76155
72658
65998
60501
79276
68747
29660
59022
60745
21448
55227
56137
69099
70440
42142
64007
54250
71909
72820
70745
71407
52138
77460
71193
75773
74302
75553
70965
44455
79975
70743
77216
60838
79113
60915
78880
78778
73342
78730
55035
71237
35204
50924
65651
78455
70019
76424
62812
68300
78080
62358
71946
61671
57559
59383
46964
69587
73979
77206
63268
71519
64217
9578
62223
76384
79485
44872
32807
77576
69722
52042
36533
58309
46464
71644
37307
76376
79781
74828
66646
47913
54566
67472
40549
79347
64451
79880
51136
79288
69782
63502
52448
70610
72107
68159
74922
75578
74320
71059
79260
71681
65555
66109
73781
54564
74278
65719
56684
61595
14372
43334
69641
53727
59540
59612
74788
75825
76041
76702
78236
68554
67708
75190
43738
22241
25645
55486
59282
72715
79378
72433
69419
77589
71779
79108
66803
68419
52587
66321
67816
72650
79096
66263
59701
66064
61449
73989
71892
78672
75426
59652
42045
68239
77940
29612
77028
63840
37801
66962
74310
25549
79282
75464
34994
62846
72671
60959
77148
74887
78202
63278
58842
78516
77141
75714
10740
35942
42688
74364
79920
40262
79047
59490
76294
66116
49139
73876
75239
65217
68086
62619
75228
2524
68167
6892
74326
68654
75929
54858
77558
33922
73128
78743
58564
66414
78530
27243
74431
68877
36865
52451
62752
65129
57806
71727
34368
79548
71577
71521
78140
66172
72575
74813
60123
74345
63954
21508
63774
50512
7451
71849
69324
71303
54860
60619
72966
11599
73725
73720
67704
77256
46599
78772
78536
45906
65302
72780
27872
66602
78726
72454
47611
73103
56869
41113
21812
46860
59366
62068
36233
43498
70615
74894
50421
56190
64479
67120
17239
40208
76072
76631
76575
73446
34749
77265
75257
76690
66032
68734
72404
71544
12460
77544
63209
68203
74943
74513
54202
73003
55875
66411
62795
62826
37178
24049
72995
73229
48505
65871
70739
56895
57238
58580
64290
58162
37001
68618
57101
69356
72199
48772
54988
57446
70732
56194
53324
72308
64373
50093
70548
73877
50666
72574
60666
45237
75944
77082
43036
71540
76556
55157
43111
78260
75137
73099
26724
55541
48069
75797
79815
56135
58604
76169
72535
35542
73756
76254
68624
57317
53489
44830
47003
53190
78903
78478
77376
63860
75183
76954
78301
67623
58677
68361
61184
77104
60241
54621
78871
76477
65820
77581
78203
70995
68775
63843
66853
76721
79524
68094
74367
44589
59833
73532
51435
51681
70418
69163
62617
43142
55661
77440
76753
64001
75580
63922
77900
77177
47448
49347
77682
79360
56400
72083
60007
76457
64798
72202
76549
62758
64474
62023
64757
77863
69035
45027
64863
64037
45681
51965
78639
70587
75302
77931
66558
52871
66136
2556
72478
68673
68757
66816
72880
78626
68845
76828
35306
29746
44471
62949
58870
63069
77702
59432
79829
79299
62901
59436
70799
69241
72686
65669
79607
16714
70140
72093
55522
45527
64860
69574
74998
60133
34820
74821
32103
78922
69086
73944
68955
65507
76083
73449
74193
42619
67912
78660
65368
75612
61781
79723
63271
60855
74188
54007
65766
56219
48532
58678
50303
79562
49538
49823
28214
73077
48325
49563
46565
72890
62362
70825
46656
61102
68942
60214
72436
74009
35869
69525
50123
53295
67495
52893
18155
33167
30446
64087
61994
4256
57085
72558
68913
61941
77943
48879
47917
64699
75861
57428
68735
33581
58665
71876
72689
44016
59416
79911
73287
65153
17185
73506
76740
79808
77759
69006
74511
56562
61124
76506
69047
63930
69355
14058
65216
72544
76480
65321
61932
35472
53343
69079
51466
26405
70057
62580
72440
64997
76546
73952
59239
70996
32166
37397
62606
72233
54594
77886
42474
60706
65237
68930
34248
67979
49964
60146
35747
66572
68513
45403
52364
78036
68042
70320
57536
66470
64372
68944
47874
73663
79512
70229
57844
77228
67437
37887
79872
79648
72598
61826
64268
65830
79326
74020
51655
71467
70620
53517
71748
63392
72265
62080
44940
71461
68401
63641
21528
50115
40664
39624
77276
68903
69894
72846
53434
25423
61794
74090
58803
57892
49155
62540
73985
48892
76520
78232
70516
54911
79533
78000
29482
69527
71931
72700
73029
41855
46543
68691
25857
73558
56068
10877
76194
78359
37391
35594
76981
76840
67210
69693
78727
75832
68287
53935
79065
65891
51907
76085
56094
70919
75537
69426
75081
59633
57659
78493
58344
79421
54473
26101
64794
71860
73001
73304
57444
50753
76307
57817
67745
71291
37481
51171
75462
78682
78180
62469
72015
27423
74687
68476
78596
68579
38089
45033
61316
71796
57822
74478
60875
76456
73117
75451
73901
55856
74322
77482
74006
65757
58322
61485
50401
73774
35391
50137
25980
67729
58336
73618
43725
76449
73371
78308
53268
32916
69412
62038
77173
72250
78261
75617
70986
78641
75181
69380
70549
76432
74647
67303
71015
60433
59987
72111
62712
76739
56787
39854
53583
54598
71985
74898
79454
71309
75939
74262
78052
77779
59250
54371
63468
69372
26697
58211
44354
65428
78155
53731
44278
74809
71699
73961
55165
54270
52952
74532
76222
64566
74400
42647
45266
74382
34747
70856
47829
78281
77590
78933
77086
54745
64423
79862
53654
51759
24988
68036
69346
71008
51663
44595
76347
65032
54233
57061
79217
65280
41213
33315
73752
67911
71488
77680
70287
64643
71415
62461
71459
79905
70883
43056
76744
71689
70511
62442
66655
72302
73111
75097
71903
14051
43304
69513
78860
71342
47863
73822
30913
78143
57570
49320
76948
60485
77069
61818
48829
65839
69664
68238
70563
73448
62262
60644
75927
78270
59594
71953
60595
77844
68693
48907
67058
77143
57422
52186
71900
50211
54332
67139
78288
74224
72211
56005
61282
62133
63905
27500
79139
58301
74808
58257
64761
72871
71144
52168
57990
58526
42179
68924
72639
28718
33135
69298
79499
72632
59655
72114
46586
52572
69108
46021
57539
45950
66811
76805
50368
77076
57542
60997
55800
44994
62483
71999
59125
73219
57945
57905
33128
24848
51497
74308
59519
76490
56717
71498
63315
79232
74290
78430
62311
71632
76023
60083
78943
43627
46073
75912
78465
34914
78602
51761
67180
64069
75560
74869
71813
78144
54943
65313
37174
69190
71022
23368
55966
78064
37872
67950
70597
74024
50144
67491
61024
71790
78016
61445
64685
42404
75514
64236
73056
72076
60740
73426
78732
58451
62014
64632
67553
79937
63535
57895
77818
56767
71135
75104
70823
79779
55163
46417
26079
77601
43967
75197
46315
63786
76795
76462
30071
72579
40560
74327
49134
57310
70302
63397
64973
54959
65537
49161
26034
59952
64602
64222
50697
71989
26897
56406
49253
58163
19749
7497
12995
63042
45278
52631
66335
54644
75576
74740
51242
46752
67463
61053
50330
55457
48054
68045
76621
77017
67743
71937
57020
61765
69349
72980
61471
63292
69311
63388
25966
70146
28161
66872
44179
73123
42992
78399
79592
64952
52094
56738
24088
57475
36565
79523
51262
75021
46228
53665
75935
29443
69059
65739
69705
70354
77300
71097
69146
77814
68593
46505
79127
54559
47754
55055
65885
68816
45572
66125
56680
79736
66587
65427
67165
37217
74257
75529
27280
38789
48710
73833
64258
16861
71471
78355
74386
63599
17571
67248
64753
71945
74827
48885
72743
79435
63367
75746
64981
69032
76639
59483
33203
29852
60668
79526
71282
75185
34689
57774
48695
68286
72631
20970
77808
75427
41708
62994
76467
65464
77855
67473
54146
61574
59358
67848
71568
74692
53208
56818
23635
58740
78630
33048
52298
46130
70438
68832
67960
71104
65493
76118
54280
61198
69230
71145
77543
78949
77305
76930
79600
69087
64020
58897
54692
37139
56730
72721
75806
52630
48459
17695
60586
69331
12584
76872
72503
74671
50640
73483
64665
64407
75603
18175
37365
72349
73562
49994
43250
51886
76259
71724
63061
69055
71021
61470
62017
64853
79153
78098
58414
30357
44968
71090
51633
74124
69359
67907
73279
60099
54266
64026
79554
73436
66001
75600
38662
70992
64174
59789
61240
75530
68646
73079
76047
79202
75376
47717
76412
79236
60117
69568
77784
77550
49700
74866
74871
75747
54143
66090
77564
23927
70533
34366
77407
74930
44865
71466
73870
70202
73192
73590
62622
73754
73474
79728
69602
52198
68925
59190
47141
73327
62985
13311
68960
74536
71308
69236
65745
76597
76763
38167
61000
67037
61709
78336
58983
37534
57876
60602
56641
55493
77254
79860
79406
76673
52431
52597
62237
65716
67100
62844
79237
73227
51807
73215
77729
66916
38774
75011
49448
67631
51292
60825
49328
59263
79960
73332
76736
69502
67620
79752
63675
38398
65354
74452
54277
79126
68423
31448
70196
74737
30023
75305
67720
74412
76991
65306
61569
56740
60401
71375
57638
71977
35338
37435
62984
58867
67540
70041
67582
69614
79335
21972
77413
77867
71851
50604
67425
77669
50906
77642
62489
66574
54832
52633
69197
71625
79366
72964
78473
74404
46414
60843
41320
24389
61705
56844
42355
78210
28605
79999
75076
78084
40212
34287
51095
66494
53771
76040
76319
40841
59766
56257
57870
55028
57912
74784
57812
79850
73853
47945
73320
68196
75443
72956
40956
60071
71604
68570
52074
74686
58102
56200
56439
54850
46083
65426
59495
76026
76877
65697
70304
55835
38629
62423
70275
72553
66193
59916
59754
47292
76049
68707
76433
69022
63018
52879
52271
55299
68839
68507
78110
76761
70874
62142
74962
47896
47826
29285
79506
77373
57820
72016
77036
62083
75653
40844
79195
74682
76479
74018
38358
54258
73887
53140
69920
73388
53796
60510
68187
9734
73144
68853
41162
61366
56873
78929
61653
70982
49265
68256
8020
68566
68157
57041
75445
71962
74501
69522
78968
75519
73531
7819
77670
59131
79457
74251
70519
63314
66855
67288
61346
45862
68967
22283
75914
31078
74481
73441
77503
38791
45069
61214
49845
49920
77950
25809
65845
79430
50168
75891
77807
59234
76671
5762
42664
69649
77378
71486
73505
54055
76774
70361
67596
76224
44942
79974
51118
63485
71676
68139
68396
79085
69783
75698
31509
64637
74071
60785
64154
70796
44166
49725
78250
79140
32606
36152
63540
75024
78415
75686
77184
2113
66328
73607
71983
55595
79258
57315
61823
74602
73096
62680
68283
78464
76374
65886
79707
67027
78746
62410
35096
6395
70832
52494
29245
17612
66220
40617
40860
59978
57439
59388
26885
65269
51677
79798
41372
55518
65589
60552
63666
68819
70021
29708
60755
71868
46295
59452
58342
77511
78580
74500
78173
63976
52620
64437
72977
68872
78874
77553
51530
79866
68586
76827
64992
63847
63974
54874
50027
60783
62470
55846
55472
68637
62498
75241
57561
48061
64327
70172
42834
62561
79575
75319
6322
36516
76771
78568
62097
68446
54124
76843
73064
70269
59673
66394
76289
60653
47969
73040
72504
7971
73528
50052
79770
47821
75898
75847
47297
47097
77477
54641
78645
79110
37653
62404
76999
76794
77768
54633
72908
73740
57969
45989
49945
49836
29972
74270
78332
65175
70571
77467
71141
49409
59498
59901
77490
70053
70465
72239
51350
77656
77658
78905
32267
1812
56377
72402
78200
62449
44900
67006
71766
72907
64897
33176
78758
68869
64835
61949
32764
79555
68189
25592
79636
30434
61363
15546
50542
68184
56983
51814
19991
67175
77242
53994
58693
74084
70555
54880
52196
76120
33267
60040
37151
70027
43369
59360
46940
60578
69487
21179
65013
57183
72814
73592
70601
60445
68745
67215
75147
73993
74978
64203
64513
75155
64184
62507
39262
67664
76636
62864
65714
71792
52135
71638
78946
64188
76277
73601
77829
71896
51576
71473
74161
65668
64847
68891
52059
69790
75620
78024
23444
78512
44744
42852
35099
68873
49150
55460
48652
40971
77607
63166
61555
55995
43376
62733
70189
26953
64524
71349
63262
70359
77683
79304
55864
58241
76339
64909
61374
73831
65441
52429
76624
77159
53827
58615
49430
59021
72783
73775
62869
72476
33229
69130
70701
69122
73651
52614
73731
73160
66204
63344
61486
77894
77032
75165
78057
64361
51093
52381
20097
58501
68075
6862
56289
46370
58509
77563
64799
63754
74321
75815
65522
73022
75521
72910
77381
49868
69617
62620
74377
39335
63645
35573
35430
63933
32697
63496
49996
75256
50963
75647
53945
73032
72856
69333
70674
71589
73259
78454
11542
71116
73006
75064
36541
46937
79569
66915
67057
79473
78835
40006
78256
60766
76008
69890
63455
74264
65950
60645
71275
79176
74644
73071
55577
24479
71431
76601
55546
74219
66733
59681
69517
55781
47503
68455
78403
62596
49069
77093
79317
75380
73141
58221
77136
76768
70221
68475
54150
70795
33835
74725
47953
78324
74195
58653
67953
77816
68217
47352
55194
66609
72011
65682
66721
51790
79608
70350
53859
78442
18924
77338
72099
75099
46972
65758
24987
78188
63752
54805
42719
63647
52440
56806
66347
76767
79132
68611
44654
72375
65322
76134
62853
73548
72271
71140
48686
75557
67369
69188
67052
35786
74444
49916
57022
57700
77791
51155
79134
72069
75389
50217
71578
75143
73168
70636
56041
56175
79976
56209
71412
67262
72771
45749
43564
29839
78603
79280
66798
56792
28160
31331
15629
73709
72610
73057
56759
57754
47070
69600
79048
72831
73185
67313
43173
79738
64202
44351
57641
26698
69825
77461
71207
40387
7739
76050
61433
71180
49172
77716
71124
73588
72646
78391
49242
17867
42113
79583
49655
67043
61313
63541
68692
42393
65963
35611
56472
13687
76728
44988
48182
61662
53534
71425
44935
58375
50724
63656
20254
75428
41512
78705
68341
61956
78936
21827
42591
27841
79273
76694
61723
46290
68362
35475
72422
78940
65810
73627
58880
69626
64359
74430
60378
62440
78890
71836
76423
36955
71293
57033
68920
73243
67649
31799
65506
65196
70285
66591
77594
75503
63948
61771
67697
49567
67080
50579
74349
35100
69468
59917
68407
77832
36697
78278
41350
68003
72735
74655
49778
52937
55881
78386
74179
53432
70429
15237
67389
73364
48712
49958
76145
64502
42437
26661
69113
75812
69296
56073
75230
15584
59880
78760
78005
77418
77982
78339
68055
68771
66758
70770
22489
70812
79918
74121
75050
73155
31198
79742
67487
77644
65158
59721
74766
74063
79610
59082
62180
58184
67455
71326
45709
77870
63108
77776
52499
48343
75421
47852
31394
49342
53102
66230
68484
75541
73700
53163
31651
70697
66658
50420
61297
77507
71537
78186
54060
69017
21329
43784
72636
73331
35518
79149
70968
75293
54665
70034
62553
72033
52926
59129
64884
71217
77142
68854
77972
49078
55189
61355
68786
64167
55135
58941
8709
51547
62675
64082
34142
72744
45733
75550
68474
33577
63248
49770
51836
52626
34127
43313
69804
61736
74160
78470
37856
71967
79069
78870
69930
60356
48929
52326
68096
76364
78883
61078
62336
32163
38086
71533
47099
37469
74210
70022
74470
48105
67718
70391
79722
73878
68901
75277
72770
74295
37354
43706
31912
39599
17741
69440
66928
79368
67345
49644
47926
13193
79206
56359
65364
25968
70455
71273
65867
67274
74042
40734
78669
45232
64075
70177
58077
79965
75811
66620
55352
79460
75121
39350
67277
66325
17591
64766
71656
78243
59105
74835
76917
50283
79343
78456
79564
58142
72536
68595
67667
65301
46477
65945
73527
76584
63117
67507
62940
71527
50158
75840
79547
66695
32252
77803
62729
60422
49228
61666
71629
65803
75897
64473
73210
61412
77614
65190
71369
76847
60315
66982
59293
57544
56030
75113
64609
60970
22847
3179
40925
73023
35020
63659
48935
45777
54009
78654
63103
51453
78309
70115
60268
66124
53531
76084
76450
76986
65029
45944
56192
55938
51874
61347
78266
59258
69071
63270
79337
64456
61238
69908
63629
59106
67110
65151
10106
77592
75345
78852
30580
63373
73648
72423
72750
51258
64796
66614
77583
48955
66215
55631
76635
39165
70557
77783
39004
73904
60337
65298
49299
76625
64270
77695
66533
59884
33422
43514
63707
60291
66564
50898
30432
77758
78642
61036
78358
64462
72971
78789
54203
70174
61545
55376
62421
78636
65059
29309
63027
58272
72110
79070
73533
32815
57067
43205
69922
46500
46128
16707
72388
43071
62457
45842
72702
79878
73396
70759
69541
56655
78105
21928
34986
62089
63833
46245
69903
79821
63148
36425
61354
65860
68631
71256
74881
79137
57035
76122
65338
38511
70390
78729
53369
41244
76159
77777
79834
74409
75955
30661
52099
61339
64851
22988
63133
35309
65746
72270
68029
70911
76151
73116
72506
76649
58248
21922
55955
76641
68538
77548
44802
79472
74491
77429
66781
68644
27441
55390
74956
59429
58021
59757
71994
39761
78695
53493
64100
44585
60432
75429
26328
77938
21709
49933
60410
79881
65754
40573
70946
59922
68364
68435
70250
72709
56273
75226
71252
68895
75637
74932
68495
74104
64051
71414
52804
30635
70380
70821
79987
47187
62053
57457
69914
27424
54922
78136
72008
73129
71652
65680
71269
70749
71907
74222
73845
23755
79935
53983
48419
45953
69411
55275
79152
68850
72222
74097
47142
77687
57989
61275
36083
74665
78832
52920
77162
11024
71580
75967
68498
69840
64333
37693
66178
48909
69291
66965
76499
68180
74726
50343
59998
74736
32623
59104
76452
27177
68005
74817
75803
69509
51725
31297
54830
63364
42487
67194
65736
78468
74355
65005
71778
65855
62939
55068
48963
75581
55363
69222
55052
38462
78975
76996
76337
76069
63928
53004
44756
30095
65056
68737
60643
52980
36793
38637
21116
67808
58692
68990
75779
50928
46077
74948
72312
69688
77920
63694
55540
75430
72348
69125
77946
60677
70389
45890
70339
61179
63726
73871
27992
64730
57745
72599
74738
39767
72167
78769
71592
71102
66864
70962
67595
37167
73841
31131
79374
55039
62008
73440
78059
45161
55330
55317
74549
76816
57069
60086
74975
46274
74668
69438
78518
74838
73922
63010
69209
7395
78531
66844
52794
67314
44915
43050
49887
79093
76949
65645
53765
50323
66993
60259
24855
63361
38252
58489
74715
59485
63944
65516
75864
65039
66713
70425
46432
54891
75923
63583
48357
78984
73804
77602
70979
14147
73778
59345
65193
62728
62916
67394
75772
65243
65353
67351
50498
69806
69932
75405
78795
63052
45372
52648
42284
77951
79424
53293
64712
77204
70121
54099
71334
78914
60452
3756
61465
65068
72467
67101
44839
68182
79429
55348
56393
72614
39754
79024
47034
37017
51367
57058
56058
74929
78321
75214
37553
58355
67901
76511
74670
60601
79504
56071
72175
47676
77828
64883
77368
50356
57712
78873
77392
55915
72626
79466
54030
77172
53778
68114
68781
41477
16066
72745
43856
77591
53246
76147
56532
71383
72793
67550
64213
39774
73891
51115
58944
79855
78587
73674
65034
66324
41231
72143
71177
52545
73479
56693
64503
68676
66887
61779
77324
38310
78784
52594
79178
39046
59189
55786
64025
50102
67948
78715
75794
22055
79440
56382
75114
72268
53690
64831
64687
78728
28479
71624
67291
78121
73499
65454
58393
57906
65379
54698
71599
75827
68641
61467
43367
51360
70805
69655
66514
58829
47691
47296
69774
21867
29557
58652
43818
49487
39367
76534
62251
78780
56115
78864
63418
77139
43723
67184
56354
37318
59463
58086
79332
78053
62924
73928
73860
42938
56455
71184
71327
75448
69463
75721
54364
69170
72970
71583
76322
49522
53481
60773
79214
73721
68089
42246
52001
66518
58965
69285
55703
70192
67092
62493
35066
74965
64362
44268
66103
46635
60148
62190
43942
43834
74544
73555
57328
76851
51908
71872
73762
67939
61912
43247
49062
48585
59537
77622
77613
60388
79034
75669
65480
56458
42038
72757
74701
25104
58547
23208
65362
72572
59305
68195
47120
59604
67316
56623
72723
34913
47988
71514
70222
78582
59621
62168
72396
56594
78854
78546
59623
63149
71410
9271
65583
49942
71818
66093
48653
60851
64310
43869
35045
74771
63331
61717
54841
78650
73654
76181
74143
56689
59342
44515
50024
77445
51928
78220
60353
75708
72983
79574
47084
77014
67527
76012
67723
56263
64626
14174
52686
77871
40710
74383
74578
42599
76889
76220
24196
76716
75271
77848
46550
56958
41329
68031
53582
62609
68372
63882
63523
40750
67223
66235
69671
63261
64778
72092
41859
78618
74963
51220
59571
65813
37092
72009
56204
73940
73701
75279
52230
46848
76216
71680
69507
78782
51727
67935
25922
25784
68076
75065
66346
67993
43794
49264
64899
76844
34135
38930
74396
1433
58093
64864
71511
40575
71952
79609
76475
61837
64754
57030
73296
52696
64216
76221
56328
67544
69529
72889
79989
69220
78561
73154
62576
61076
944
49865
79130
60934
69520
62841
77241
74579
66418
69862
34103
73930
63195
63366
66693
61217
69999
75567
75866
66252
75642
48223
78513
77974
55458
76202
63919
72316
77535
47986
58588
22694
79383
59414
65759
70451
57170
59954
77504
36287
66964
33943
35288
61516
75546
66031
41009
58999
63247
53535
77372
71854
48358
55456
74897
44181
37858
64394
71175
67094
49572
51196
39821
57837
8805
72417
74368
57505
61177
40253
50429
59441
43575
37496
48831
77944
71420
65449
49447
74750
73356
41103
54673
46789
64834
61734
38243
71984
76390
69308
58895
70069
52643
77170
54773
71408
55671
69613
79218
72950
49820
74407
79956
49673
41303
42926
65429
68884
79121
64312
75424
56925
78077
40440
68268
75473
42242
12685
56138
73821
67458
66114
73984
32434
74521
67927
60163
76285
78725
70279
3855
72031
67655
73124
35282
72149
25307
58556
65817
55689
57306
79215
56176
67505
52150
64948
75346
58314
64775
73662
51869
33441
17618
61432
56001
64030
66344
62117
78763
59496
54054
72905
58841
76010
69800
61963
77359
65935
77422
64579
54882
48794
45864
73730
68818
46758
25042
11729
62284
74033
52830
26202
61161
64338
48616
74839
65752
71405
47686
51010
45837
74401
78553
79922
76535
68652
67752
42008
6320
42937
54736
77258
44081
52389
15276
78362
58085
26630
64436
30342
56425
51575
56238
45671
73515
58202
79397
41680
76486
74559
73369
72006
68559
66934
74289
75083
78509
44243
71964
59618
76298
56804
71981
70144
67376
52438
56059
50385
34506
77551
66720
36861
48968
66061
49141
63009
51340
70565
41600
45066
74636
59099
72647
51593
30663
63712
69451
49955
59852
19250
36219
71541
62475
60650
66135
37492
65419
49457
66833
47655
73926
55310
58369
44049
60003
41727
70445
45960
68783
64752
54196
54504
30318
74395
75377
59136
69531
74860
78543
62611
10402
70709
58090
68729
79028
77245
77746
78632
71391
10365
44397
16155
75993
2340
61514
60416
56906
77122
66077
33020
61646
65006
70107
67555
63208
75007
54915
79086
54353
77621
59658
48905
76176
77573
59215
72684
73863
39864
69881
72028
65164
75981
72130
79204
62480
78395
70672
47200
70628
72936
64726
54214
70956
72432
78846
58317
12294
65285
77109
75459
73456
71286
64736
58126
73683
76913
69496
65691
78994
46982
76030
64651
53699
42140
46741
35802
66595
68028
73530
44025
34174
76975
64770
73950
66069
62968
42322
74712
75300
75564
15042
65398
71182
73973
59014
68043
67651
75995
58238
54110
69886
55935
76398
57287
57678
38008
70866
70529
64843
39381
71236
60345
56917
48282
78485
76329
46692
57445
38438
52885
60561
37822
20823
72458
78073
77248
45100
30100
76521
50019
73578
65206
63454
56044
77062
65543
79238
76367
69414
53117
49742
71126
52766
41569
77333
37335
42488
68374
36775
36530
47327
67340
61123
49808
36454
71315
71452
29800
46282
66640
42929
34424
52205
52018
56551
64779
78483
41079
78974
61664
71713
62745
69195
68165
66326
69348
66668
27806
75058
47692
64994
9429
71594
51264
34824
66170
28422
57453
78295
50804
68958
32579
77334
47123
58621
46331
41598
27147
49279
76015
60727
75135
71567
74198
77781
60038
63424
30143
72282
79183
55368
72847
77195
79082
67867
32150
77862
48742
66972
76028
79858
77210
67405
70595
69098
22014
62224
77671
62342
57079
42662
78605
71889
77852
28735
63005
71292
70249
71224
41709
69569
68951
43510
62487
30089
51393
59741
46995
34147
50482
70006
69619
16582
61839
54498
59227
58635
66460
57698
77127
31844
72569
65342
52671
48327
74823
73081
70028
77263
52815
73135
49727
77464
35883
44770
73425
71052
64055
68602
77523
67045
61975
61762
76437
64727
32986
27524
72492
28705
61358
37289
63794
67910
55148
75419
75101
51670
75254
49374
78791
50374
58251
63771
55017
44643
68980
55326
73650
64581
67163
44853
20046
67741
29870
73976
76372
12349
48711
9730
73835
74378
78581
65742
36994
77199
58036
65642
52589
79711
79248
76383
53322
54854
3701
47337
56224
77826
45268
63446
78719
53920
60102
74996
61420
71062
74039
56033
76703
66548
77138
52599
53412
60548
56589
53678
51031
32740
76270
54669
27588
72414
76992
60951
73779
79014
70061
78371
66854
30359
68533
58776
48557
77874
67255
79565
52386
75950
55001
74699
36014
28007
28952
75236
70617
69580
59267
65911
67469
42787
62313
71682
72608
46160
72410
78107
66900
56636
5716
73673
76962
38686
73869
51861
56275
75635
66333
59688
22976
73361
67385
78026
57575
61908
66849
53938
63421
58459
41398
32305
66991
54720
44215
79413
72828
64115
79827
17383
75829
68253
79319
70117
62671
74228
40492
68905
61407
56181
67698
66222
52100
78663
76561
77691
32430
79877
79924
66199
75417
33803
69917
41243
78374
78148
22164
72052
72364
56054
26280
41186
45791
72071
62248
45701
71690
75126
46761
63393
61002
65046
63462
69953
48360
52307
55708
62897
69588
35214
28050
62818
72698
58308
70581
50026
62918
50571
72726
48273
55169
61322
41063
75432
78904
37810
45682
72063
45404
76613
59005
74486
29983
79290
72841
4282
43661
17363
60159
47919
63518
72552
77500
77275
73703
72046
72687
59603
59980
67621
66409
77502
78774
51325
74611
47799
27033
69680
75838
53313
79780
69058
76980
75908
68592
36827
49729
60754
28342
61753
72247
67712
60672
77215
71289
70236
70106
31260
4057
77171
69928
33625
19317
34078
42384
62228
79177
64276
75743
72429
76128
68961
47540
54803
76192
54458
73485
75962
64308
73998
64422
79556
43522
61786
44157
53728
19796
7653
39369
62676
63428
55455
56009
70235
48387
69100
50897
66565
65234
54029
77498
69382
77823
73846
63660
24747
76280
58087
48168
78720
76961
57116
53565
71142
61466
73248
69674
79377
54542
64828
69499
47659
48569
75391
50249
79567
76184
79193
67304
61125
57092
70329
77800
58539
76414
70376
60347
68544
56602
51798
59663
47389
52184
55342
77512
77049
38331
59965
35422
78322
72981
58877
66694
35221
63868
76861
78192
64234
65211
79637
46582
44767
72979
61522
55776
76293
58155
68525
16366
65132
12781
69817
63849
25736
72988
79414
61697
72407
77147
66108
54686
6098
79257
58688
43494
66718
58981
33116
70777
46264
72727
71615
68018
55129
69772
76473
64975
54032
70798
51967
59796
62256
44960
67767
34052
61926
46581
30939
48802
58233
75920
62664
51865
75323
60930
54639
70942
70037
52047
79515
75592
51007
53826
60654
67393
52380
63530
65582
77389
52119
57194
73075
79977
69406
77884
75590
50073
66427
53705
55759
42523
79997
40859
78624
72449
73278
69184
56522
54721
32612
79572
64525
45286
32191
54687
14950
47844
56396
57551
72325
71920
75385
57943
77554
74209
78244
67481
55765
67765
39018
58856
43196
75150
74127
66351
54928
79497
69742
61596
63939
79885
64666
59304
64247
29553
73522
78648
77225
55155
64957
52762
59834
47025
64405
74560
18097
45536
66696
57045
44325
8160
47093
22370
50072
78226
43054
62020
58650
79804
75711
54699
71563
52167
75142
68938
72586
47512
68295
64595
59138
68277
56466
79191
43804
42276
61966
76979
73964
50039
70402
78692
62870
78094
53152
68080
50350
41583
9160
46431
36743
41815
12225
15955
78396
61568
39983
47602
69645
45028
56850
79489
48280
70385
79509
60574
72742
66332
71223
52064
71385
68807
76508
76428
55591
69025
70893
60494
72273
71749
51720
59262
51658
65037
64396
69839
28143
51289
58834
75589
59168
57389
40301
41333
71245
43853
75172
62432
66245
69595
73301
24894
65677
66149
51108
75862
66672
69776
38792
55857
61828
40438
70078
74654
68523
68186
41691
60893
68936
66481
41692
64836
75124
75495
42070
46540
67818
69028
30709
65023
73847
47825
36911
64570
53512
63679
79656
41674
68231
38049
57427
58445
74319
79664
64463
79043
56103
70188
63097
54560
63793
49450
42547
60176
59400
63001
69955
73556
64485
73221
53388
78506
44474
51375
72178
67047
73115
43619
36640
55080
49811
76021
42299
69056
70818
75599
58274
51523
70622
77930
33471
73865
39555
57877
52659
64984
63837
68206
75687
77351
67086
46403
69832
79480
73767
19941
21697
77628
75854
73464
77623
48247
79380
58854
61882
48268
39959
71411
67181
29364
79171
77896
71725
66977
74880
56648
73806
61442
17047
52812
71816
60189
77728
79620
62040
58339
52422
74529
73975
62713
5303
43654
58963
49100
38133
53278
63991
53130
66536
67179
48800
78910
69062
60528
64765
66822
56486
72737
67517
75483
37557
71741
74904
69151
76182
73054
78918
59412
63059
74899
50882
48618
58567
29356
22240
69584
78644
38757
73252
65551
63506
52529
76831
78488
61937
64186
76391
64371
49235
67624
52533
79519
78545
72766
59657
51871
43466
7970
70024
58419
72384
48353
73593
79669
68254
57440
77936
70712
37353
64356
60065
74794
69823
26835
55287
52253
66083
64421
67964
52579
57784
8346
50451
58304
67978
39556
50689
71099
60991
75596
71548
79331
30119
75679
71526
48275
77003
78876
33347
72215
69725
33722
29150
53307
41043
70178
75012
77761
32127
61670
59445
72207
72379
77734
52639
63150
41953
79528
71290
38350
18079
74019
40252
59320
53393
78901
76750
74800
32014
46324
76141
35688
79946
75326
69394
31949
39174
75275
46154
60333
65712
70902
55842
59560
40362
70426
52049
74802
52057
77526
21846
70527
38526
29863
73089
75501
60081
74029
40423
39390
59891
67576
55516
46786
55646
65833
71024
55217
49749
49485
65394
66895
79030
56427
23329
79624
59223
42554
69390
66679
22703
58076
47484
55319
24643
57277
65622
58729
62185
66205
72224
44114
46728
76939
76079
64871
68512
57181
49108
77755
48049
66350
52735
57764
59918
61810
4466
60182
66250
74451
79225
69992
37213
75369
43756
67187
54276
15455
63277
55440
31244
76817
73118
62234
35463
67710
52366
66445
24123
69635
69962
68897
73579
62258
58066
65401
38542
5983
41029
56854
74868
78093
62454
72612
71336
76445
68915
73240
68315
79469
54341
35906
70444
52510
34600
15624
21266
40269
63538
33850
43604
49245