200
25 25
48 46
17 16
25 23
41 13
31 34
8 34
14 18
46 6
3 35
6 20
50 25
49 42
18 14
34 25
29 15
48 20
5 31
47 43
5 5
6 22
29 37
23 3
27 9
47 38
34 15
13 4
36 3
5 25
13 7
30 18
44 35
17 6
10 14
43 12
10 49
45 20
44 10
41 26
50 50
47 26
50 3
20 36
25 9
36 37
2 1
36 42
40 4
2 31
12 45
34 7
35 9
27 8
2 18
6 43
17 14
34 23
32 45
45 40
39 28
25 12
26 5
23 34
15 26
11 22
48 30
46 1
36 6
37 2
47 28
16 19
44 16
3 5
34 17
49 43
9 17
14 11
5 23
11 34
48 18
48 37
7 21
7 5
49 24
42 12
43 16
8 43
8 12
21 10
28 31
28 29
24 13
25 1
40 5
32 5
29 48
46 25
28 24
29 34
23 20
22 18
10 48
47 33
19 36
45 49
31 19
50 26
3 36
16 17
17 45
28 16
26 23
22 14
30 30
50 28
43 15
2 23
12 49
38 21
42 31
27 48
13 19
27 4
11 49
23 2
32 11
2 28
42 10
3 13
46 30
40 27
22 28
27 3
32 7
24 40
48 33
28 30
14 50
19 28
2 50
46 15
2 2
25 50
29 28
26 3
28 35
24 11
18 3
3 2
17 33
28 42
37 12
4 2
4 24
24 41
9 16
30 26
12 35
18 35
34 39
10 28
28 3
11 6
49 15
21 4
21 48
22 50
12 48
34 50
42 48
22 44
43 19
20 2
38 46
16 2
4 25
35 43
6 10
16 16
48 47
11 37
20 5
11 5
34 32
26 40
39 4
37 49
5 21
47 24
38 9
32 40
43 37
31 45
21 21
44 17
4 23
49 14
34 34
21 12
25 43
