2968
0
1 89959 89960
2 86293 86294
3 89861 89862
4 88595 88596
5 89849 89850
6 88986 88987
7 89672 89673
8 89696 89697
9 89998 89999
10 81087 81088
11 88496 88499
12 89895 89896
13 88704 88705
14 83518 83520
15 85799 85800
16 79427 79428
17 83225 83226
18 82774 82775
19 78852 78853
20 79664 79665
21 64943 64945
22 59378 59379
23 84899 84900
24 52801 52802
25 60601 60602
26 41389 41392
27 78065 78067
28 63127 63128
29 42070 42071
30 61249 61250
31 32454 32455
32 71241 71242
33 38318 38319
34 75829 75831
35 29618 29619
36 65692 65693
37 52916 52918
38 8662 8664
39 60807 60810
40 29394 29395
41 77614 77616
42 11960 11966
43 22397 22398
44 19754 19755
45 657 659
46 56210 56212
47 41310 41314
48 7257 7259
49 89237 89238
50 88820 88822
51 88061 88062
52 84913 84914
53 87499 87500
54 83325 83326
55 85564 85565
56 78362 78364
57 84062 84063
58 85498 85499
59 83418 83419
60 77250 77251
61 84857 84858
62 83373 83375
63 83360 83362
64 82903 82906
65 85808 85809
66 88462 88464
67 78495 78497
68 87458 87459
69 83335 83336
70 74920 74921
71 81051 81052
72 84347 84348
73 81532 81534
74 77358 77360
75 85649 85650
76 86814 86815
77 84172 84174
78 89433 89434
79 65847 65848
80 82601 82602
81 73233 73234
82 65298 65299
83 82279 82280
84 81933 81936
85 75178 75179
86 66378 66380
87 82922 82923
88 80840 80841
89 74415 74416
90 79090 79092
91 53789 53790
92 54068 54072
93 73317 73320
94 73991 73992
95 80093 80094
96 79989 79991
97 80409 80411
98 79454 79455
99 80351 80353
100 78515 78516
101 74912 74913
102 77329 77331
103 76827 76830
104 73165 73166
105 79924 79925
106 67566 67568
107 74125 74126
108 75925 75926
109 72288 72289
110 66419 66420
111 61789 61792
112 79783 79785
113 53054 53055
114 65769 65770
115 57172 57173
116 42947 42949
117 78730 78734
118 54672 54673
119 67487 67488
120 77061 77062
121 57245 57246
122 67638 67639
123 64535 64536
124 81838 81839
125 73391 73393
126 69649 69653
127 66734 66735
128 73862 73864
129 61345 61346
130 71099 71100
131 64637 64640
132 73100 73101
133 74727 74731
134 70392 70393
135 69469 69470
136 65734 65735
137 67814 67815
138 65365 65366
139 69672 69673
140 51266 51268
141 65223 65224
142 67414 67415
143 64415 64416
144 57299 57301
145 40622 40623
146 58684 58687
147 62011 62012
148 62565 62566
149 68481 68482
150 69763 69764
151 52133 52134
152 63489 63491
153 51221 51222
154 72583 72584
155 62770 62771
156 51157 51159
157 47169 47171
158 73928 73929
159 53079 53080
160 49280 49281
161 63481 63482
162 45937 45938
163 65467 65468
164 50381 50382
165 58927 58928
166 48193 48194
167 52367 52368
168 55420 55421
169 41040 41042
170 50317 50319
171 42634 42637
172 62439 62441
173 32157 32159
174 74040 74043
175 56037 56040
176 58324 58325
177 57837 57838
178 43538 43540
179 43023 43024
180 67622 67623
181 45856 45857
182 54880 54881
183 70706 70707
184 32409 32411
185 49386 49387
186 41857 41858
187 55196 55197
188 44035 44037
189 40854 40856
190 43439 43441
191 48818 48819
192 54385 54386
193 42938 42939
194 42062 42063
195 59590 59591
196 42123 42124
197 47776 47778
198 43299 43300
199 49923 49924
200 76938 76939
201 86735 86737
202 86220 86223
203 89482 89483
204 89046 89047
205 87447 87448
206 87180 87181
207 87152 87153
208 78973 78975
209 81526 81527
210 88236 88239
211 87583 87585
212 89439 89440
213 87117 87118
214 84399 84400
215 85349 85351
216 83130 83131
217 87413 87414
218 84834 84836
219 78295 78296
220 88028 88029
221 88527 88528
222 87746 87747
223 86575 86576
224 77765 77766
225 85854 85855
226 87759 87760
227 86776 86778
228 84359 84360
229 87596 87598
230 86263 86264
231 89005 89007
232 87990 87991
233 85718 85719
234 88988 88989
235 88396 88397
236 87792 87795
237 85712 85713
238 85542 85544
239 86635 86637
240 86584 86586
241 78031 78032
242 88243 88244
243 87025 87030
244 84268 84269
245 83730 83732
246 87516 87518
247 84930 84931
248 82082 82083
249 77951 77953
250 54923 54924
251 85321 85328
252 82598 82599
253 84098 84102
254 85709 85710
255 85329 85332
256 70123 70124
257 84696 84698
258 69083 69084
259 83840 83841
260 85185 85186
261 81497 81498
262 82783 82784
263 86315 86316
264 75647 75648
265 86406 86407
266 82001 82003
267 86748 86749
268 81189 81192
269 78237 78238
270 72308 72309
271 85370 85372
272 81536 81537
273 85714 85715
274 75758 75762
275 83553 83554
276 81333 81334
277 79930 79932
278 78025 78027
279 84668 84669
280 71555 71556
281 84067 84068
282 82928 82929
283 81884 81885
284 80403 80405
285 83193 83194
286 83467 83468
287 87547 87552
288 79269 79270
289 75261 75263
290 83227 83230
291 85739 85740
292 70885 70887
293 80523 80524
294 78571 78572
295 83872 83875
296 81967 81968
297 82897 82900
298 76094 76095
299 83838 83839
300 76774 76775
301 82543 82544
302 85478 85479
303 80438 80439
304 80960 80961
305 84673 84675
306 77527 77528
307 78473 78474
308 79571 79572
309 80528 80529
310 82478 82481
311 76612 76617
312 82343 82344
313 82163 82164
314 66033 66034
315 70536 70538
316 75444 75445
317 85566 85568
318 78877 78878
319 65957 65960
320 85408 85409
321 61005 61006
322 75176 75177
323 77276 77277
324 74152 74153
325 81566 81567
326 81145 81147
327 83201 83202
328 75197 75198
329 62881 62883
330 80449 80450
331 84331 84332
332 58069 58071
333 79265 79266
334 79940 79942
335 75319 75320
336 79001 79002
337 80370 80371
338 78940 78941
339 71858 71859
340 75346 75348
341 75133 75135
342 80610 80611
343 68234 68235
344 73605 73606
345 80845 80846
346 78490 78491
347 78255 78256
348 69804 69805
349 79057 79058
350 78857 78858
351 75930 75933
352 73133 73134
353 78171 78173
354 74844 74846
355 73453 73454
356 76946 76948
357 74831 74832
358 75994 75995
359 74545 74546
360 70964 70965
361 75227 75228
362 78615 78619
363 70011 70012
364 70711 70713
365 71942 71944
366 83297 83302
367 40980 40981
368 71517 71518
369 73707 73708
370 75598 75599
371 76600 76602
372 76417 76419
373 68038 68039
374 73437 73438
375 83425 83427
376 64089 64090
377 76343 76344
378 76019 76020
379 68904 68905
380 73171 73172
381 76258 76259
382 62486 62489
383 77135 77137
384 64400 64401
385 51477 51479
386 72853 72855
387 67731 67732
388 70305 70306
389 72781 72782
390 72761 72762
391 71204 71205
392 73515 73516
393 72164 72165
394 70455 70457
395 68679 68680
396 78518 78523
397 63666 63667
398 67368 67369
399 69482 69483
400 71656 71658
401 68694 68695
402 70878 70879
403 82195 82196
404 64165 64170
405 77032 77033
406 71252 71257
407 55109 55110
408 71304 71306
409 70079 70080
410 69789 69790
411 67366 67367
412 79475 79476
413 30156 30159
414 69148 69149
415 68745 68746
416 69548 69549
417 56330 56331
418 67446 67450
419 73867 73868
420 47970 47972
421 27992 27993
422 35646 35647
423 30942 30943
424 29807 29808
425 42284 42285
426 42579 42580
427 55281 55282
428 41908 41909
429 33608 33611
430 35162 35163
431 27694 27697
432 29508 29511
433 2268 2269
434 16658 16660
435 6221 6223
436 21374 21375
437 17464 17465
438 425 426
439 48976 48977
440 46295 46296
441 25470 25473
442 56519 56521
443 52956 52957
444 44347 44348
445 50311 50312
446 30657 30658
447 25465 25467
448 45594 45597
449 26940 26942
450 41535 41536
451 39178 39179
452 32640 32641
453 42822 42825
454 32384 32385
455 40011 40013
456 31366 31367
457 34288 34289
458 38204 38205
459 41885 41886
460 39121 39122
461 33825 33826
462 40330 40331
463 30508 30509
464 27402 27405
465 40537 40538
466 29803 29805
467 38518 38519
468 31926 31927
469 28978 28979
470 14493 14494
471 17244 17245
472 37937 37939
473 16091 16093
474 40130 40132
475 29950 29952
476 30335 30339
477 45137 45139
478 18796 18798
479 21168 21169
480 27869 27871
481 21879 21880
482 46006 46007
483 8999 9000
484 26306 26307
485 31601 31602
486 29867 29868
487 27634 27636
488 30049 30051
489 36970 36971
490 68692 68693
491 68211 68212
492 87374 87375
493 59940 59941
494 78283 78284
495 31729 31733
496 59328 59330
497 68058 68060
498 59975 59976
499 65729 65730
500 68478 68480
501 49074 49076
502 76150 76151
503 61343 61344
504 68770 68771
505 73646 73649
506 69172 69173
507 65460 65461
508 67854 67856
509 67474 67475
510 60764 60765
511 67022 67023
512 66054 66055
513 67024 67025
514 66817 66818
515 74499 74500
516 60339 60340
517 66358 66361
518 66260 66261
519 63902 63903
520 64117 64123
521 78195 78196
522 33373 33376
523 64678 64681
524 65360 65361
525 53154 53155
526 58215 58218
527 61155 61156
528 66932 66933
529 61452 61454
530 60054 60055
531 58222 58223
532 62178 62180
533 56276 56277
534 67683 67684
535 65680 65681
536 48562 48563
537 64437 64442
538 51648 51649
539 66248 66249
540 60852 60853
541 68990 68991
542 57389 57391
543 80423 80426
544 61765 61767
545 64300 64302
546 58970 58971
547 67137 67138
548 51053 51059
549 63551 63552
550 57805 57806
551 58856 58857
552 65243 65244
553 48259 48260
554 65814 65815
555 64376 64377
556 46626 46627
557 57680 57683
558 64755 64757
559 58299 58300
560 68503 68504
561 57664 57665
562 63960 63962
563 75290 75295
564 50986 50987
565 60231 60234
566 48301 48303
567 62895 62896
568 60896 60897
569 57783 57784
570 68249 68250
571 56283 56284
572 56147 56148
573 64260 64263
574 52914 52915
575 60631 60639
576 55814 55818
577 64899 64902
578 56172 56173
579 53045 53046
580 57472 57473
581 50261 50262
582 55126 55129
583 56345 56348
584 52764 52766
585 51607 51608
586 53856 53857
587 66156 66157
588 54327 54329
589 64793 64794
590 55289 55290
591 60169 60171
592 60780 60781
593 68036 68037
594 60841 60843
595 58777 58782
596 56174 56176
597 55974 55975
598 62611 62613
599 58650 58651
600 57611 57612
601 12981 12982
602 24890 24891
603 24141 24143
604 27242 27243
605 18586 18588
606 32328 32329
607 29031 29032
608 20697 20698
609 18495 18496
610 24023 24024
611 27771 27773
612 25538 25541
613 30318 30320
614 25411 25412
615 40238 40240
616 50569 50571
617 55012 55013
618 57747 57748
619 54750 54751
620 55370 55371
621 57649 57651
622 42691 42692
623 54291 54293
624 53556 53559
625 55209 55210
626 54708 54709
627 51655 51656
628 54122 54123
629 55626 55627
630 51871 51872
631 54414 54415
632 57777 57778
633 53601 53602
634 49262 49265
635 54161 54162
636 53749 53751
637 54090 54091
638 63872 63873
639 49725 49727
640 38065 38066
641 43796 43797
642 50590 50592
643 56537 56538
644 46155 46157
645 53123 53124
646 55854 55855
647 55357 55358
648 38060 38061
649 52919 52920
650 54215 54216
651 54341 54342
652 63212 63213
653 47854 47855
654 52041 52042
655 46888 46892
656 53074 53075
657 54642 54644
658 42886 42887
659 55694 55695
660 41865 41867
661 57815 57816
662 33598 33599
663 52095 52096
664 58055 58057
665 51737 51741
666 47142 47143
667 52379 52380
668 54433 54435
669 51895 51897
670 50813 50815
671 50081 50082
672 50833 50834
673 53617 53618
674 51552 51553
675 45684 45685
676 50084 50085
677 50670 50672
678 52372 52374
679 47067 47068
680 51010 51011
681 51113 51116
682 70439 70443
683 35798 35799
684 45104 45105
685 18319 18321
686 48319 48321
687 55240 55241
688 35246 35247
689 36606 36607
690 42940 42944
691 54817 54818
692 40751 40752
693 55573 55575
694 40572 40573
695 42722 42723
696 47488 47490
697 46732 46737
698 55649 55650
699 41887 41888
700 24879 24881
701 25922 25923
702 23021 23023
703 18787 18791
704 22343 22344
705 16219 16220
706 18450 18451
707 18074 18076
708 13311 13313
709 13844 13845
710 19263 19264
711 20684 20685
712 18346 18349
713 12325 12327
714 32203 32205
715 10082 10083
716 23804 23806
717 12562 12563
718 10112 10113
719 4283 4284
720 22569 22570
721 13860 13862
722 7668 7669
723 39923 39925
724 45569 45571
725 45145 45146
726 43105 43110
727 47414 47415
728 67344 67345
729 42652 42653
730 47838 47842
731 49032 49033
732 50954 50956
733 51709 51710
734 47995 47996
735 47306 47308
736 39105 39106
737 46462 46463
738 56819 56821
739 28914 28916
740 44382 44385
741 44651 44652
742 49990 49991
743 44469 44470
744 42950 42952
745 47222 47227
746 40308 40309
747 50551 50552
748 46011 46012
749 42174 42176
750 40443 40444
751 53413 53415
752 27729 27730
753 48708 48709
754 33863 33864
755 49293 49296
756 43111 43112
757 46765 46766
758 43431 43433
759 49688 49689
760 41668 41670
761 38526 38527
762 38399 38400
763 45812 45813
764 39670 39671
765 50098 50099
766 17486 17487
767 35113 35114
768 46148 46149
769 36323 36326
770 35062 35063
771 17643 17645
772 44611 44612
773 45729 45730
774 41505 41506
775 50077 50078
776 42023 42024
777 40575 40576
778 37247 37248
779 45828 45829
780 36247 36249
781 34804 34806
782 46231 46233
783 43442 43445
784 43536 43537
785 34361 34362
786 44284 44285
787 46252 46253
788 40115 40116
789 35803 35804
790 33154 33155
791 42294 42295
792 44247 44248
793 43325 43328
794 38482 38483
795 46254 46256
796 31998 31999
797 30947 30948
798 40769 40770
799 33474 33477
800 40306 40307
801 32525 32526
802 35358 35360
803 24790 24791
804 42206 42208
805 45351 45352
806 34278 34279
807 37904 37905
808 41340 41344
809 30037 30038
810 44423 44424
811 53060 53061
812 27909 27910
813 37039 37040
814 29350 29351
815 40423 40424
816 20801 20804
817 45374 45375
818 39356 39357
819 45161 45163
820 32712 32713
821 34581 34582
822 46098 46099
823 22266 22267
824 49297 49298
825 33570 33571
826 34569 34570
827 29963 29964
828 32200 32201
829 38170 38171
830 41816 41817
831 29742 29743
832 31703 31704
833 32532 32534
834 35106 35107
835 35981 35984
836 44718 44719
837 33138 33140
838 13240 13243
839 4970 4971
840 7972 7977
841 13392 13393
842 13706 13707
843 22816 22817
844 11813 11814
845 1278 1280
846 18034 18035
847 24980 24981
848 1126 1127
849 18526 18527
850 507 508
851 16281 16282
852 16668 16669
853 12070 12071
854 16944 16947
855 29937 29939
856 15422 15425
857 10451 10454
858 33299 33300
859 33868 33869
860 21712 21713
861 37198 37199
862 31970 31971
863 37775 37776
864 34958 34959
865 36832 36833
866 28174 28176
867 34098 34099
868 25774 25775
869 31827 31829
870 44214 44215
871 25785 25786
872 37411 37412
873 29780 29781
874 34639 34640
875 43673 43677
876 24648 24649
877 30619 30624
878 33799 33800
879 30910 30914
880 33891 33894
881 30316 30317
882 30753 30754
883 41106 41107
884 28597 28598
885 50717 50718
886 7533 7534
887 38372 38373
888 25639 25640
889 29557 29559
890 59106 59107
891 86616 86618
892 89310 89312
893 88857 88859
894 87478 87480
895 89700 89704
896 88937 88941
897 89461 89463
898 89698 89699
899 86313 86314
900 89917 89918
901 89341 89342
902 89621 89622
903 89266 89269
904 89095 89096
905 89320 89322
906 89455 89457
907 86232 86235
908 87449 87450
909 88976 88977
910 88549 88550
911 88637 88638
912 87714 87715
913 86300 86301
914 89857 89860
915 89915 89916
916 88576 88577
917 86241 86242
918 86979 86981
919 88781 88782
920 82872 82874
921 87390 87391
922 87846 87849
923 85994 85997
924 89689 89690
925 82248 82249
926 88291 88292
927 87834 87835
928 81853 81854
929 89965 89966
930 74947 74948
931 87686 87687
932 89190 89195
933 85776 85777
934 89817 89818
935 86158 86159
936 88100 88101
937 86505 86508
938 85312 85314
939 87850 87852
940 89773 89774
941 87572 87573
942 87682 87685
943 89459 89460
944 83705 83706
945 85786 85787
946 86516 86517
947 85843 85845
948 83942 83944
949 88414 88415
950 89274 89275
951 86757 86758
952 85412 85414
953 89819 89820
954 59629 59631
955 88329 88331
956 86461 86463
957 89500 89503
958 82545 82547
959 88293 88294
960 85535 85536
961 88030 88032
962 84995 84997
963 86850 86851
964 82389 82391
965 82578 82579
966 83810 83812
967 87609 87611
968 83395 83396
969 88891 88892
970 73221 73222
971 86501 86502
972 86479 86480
973 89089 89090
974 81596 81598
975 85701 85703
976 84887 84890
977 85451 85453
978 82158 82160
979 80349 80350
980 86592 86593
981 83849 83851
982 83592 83593
983 84604 84605
984 86175 86176
985 84028 84029
986 86438 86439
987 85116 85120
988 84719 84721
989 85366 85367
990 89225 89227
991 84612 84613
992 83819 83820
993 89017 89018
994 74706 74707
995 87688 87689
996 84007 84009
997 76277 76278
998 84443 84444
999 78935 78938
1000 84326 84328
1001 88887 88890
1002 83790 83791
1003 86279 86281
1004 83023 83024
1005 83095 83096
1006 84220 84222
1007 83442 83443
1008 81281 81282
1009 89023 89024
1010 85050 85051
1011 82832 82834
1012 83348 83349
1013 87919 87920
1014 86765 86766
1015 84113 84114
1016 81842 81844
1017 81288 81289
1018 83288 83289
1019 81573 81575
1020 87106 87110
1021 73653 73654
1022 82703 82704
1023 80214 80215
1024 79369 79370
1025 82709 82710
1026 82901 82902
1027 81658 81659
1028 81370 81371
1029 86092 86093
1030 82065 82067
1031 79513 79514
1032 82791 82792
1033 79395 79396
1034 86795 86796
1035 77908 77910
1036 82963 82964
1037 73915 73917
1038 77338 77339
1039 83386 83387
1040 76625 76626
1041 86058 86059
1042 80171 80173
1043 82683 82684
1044 79059 79060
1045 81665 81666
1046 83164 83168
1047 87619 87620
1048 83078 83079
1049 77149 77151
1050 83013 83015
1051 82173 82174
1052 81620 81622
1053 86366 86367
1054 82994 82995
1055 75328 75329
1056 79604 79605
1057 82324 82325
1058 68398 68399
1059 86353 86354
1060 71985 71987
1061 79337 79338
1062 78035 78036
1063 89288 89289
1064 76013 76017
1065 82254 82255
1066 77841 77842
1067 81357 81358
1068 81899 81900
1069 80184 80185
1070 78145 78146
1071 82108 82109
1072 78449 78450
1073 79122 79125
1074 82262 82265
1075 80366 80367
1076 82220 82221
1077 80919 80921
1078 80338 80339
1079 74429 74433
1080 82013 82015
1081 73969 73970
1082 80395 80396
1083 79175 79176
1084 78317 78318
1085 82806 82807
1086 80924 80925
1087 81167 81169
1088 77228 77231
1089 82649 82650
1090 81961 81962
1091 77645 77646
1092 89564 89565
1093 76341 76342
1094 82047 82050
1095 84876 84878
1096 79238 79240
1097 78548 78550
1098 81036 81037
1099 73206 73207
1100 80121 80122
1101 74393 74395
1102 86036 86039
1103 78776 78777
1104 82668 82671
1105 75243 75245
1106 79100 79101
1107 79327 79328
1108 76606 76607
1109 76867 76868
1110 74700 74701
1111 76182 76183
1112 79902 79903
1113 82645 82647
1114 76681 76683
1115 80201 80202
1116 80264 80265
1117 76374 76375
1118 75382 75383
1119 80358 80359
1120 76546 76547
1121 79011 79012
1122 81741 81742
1123 74750 74753
1124 78315 78316
1125 75200 75201
1126 72316 72317
1127 77192 77193
1128 82665 82666
1129 75193 75194
1130 76577 76580
1131 75476 75477
1132 70172 70175
1133 85806 85807
1134 72514 72515
1135 78290 78291
1136 69958 69959
1137 73343 73345
1138 70602 70608
1139 75978 75979
1140 76753 76755
1141 67656 67658
1142 74743 74745
1143 80181 80182
1144 76679 76680
1145 81198 81199
1146 79845 79846
1147 73534 73535
1148 79606 79607
1149 78862 78863
1150 74746 74747
1151 70643 70645
1152 76038 76039
1153 74311 74316
1154 84279 84280
1155 70769 70770
1156 80537 80539
1157 82557 82558
1158 81351 81352
1159 75776 75777
1160 76717 76718
1161 81414 81415
1162 70081 70082
1163 78151 78152
1164 76997 76998
1165 78985 78986
1166 64460 64462
1167 74970 74974
1168 73629 73630
1169 77123 77124
1170 74130 74132
1171 73081 73082
1172 77274 77275
1173 67897 67900
1174 74262 74264
1175 79165 79166
1176 71496 71497
1177 85515 85516
1178 76461 76464
1179 74670 74671
1180 71157 71158
1181 73072 73073
1182 74896 74898
1183 74194 74196
1184 73128 73129
1185 70628 70629
1186 74542 74544
1187 73600 73601
1188 75296 75298
1189 77536 77537
1190 59495 59497
1191 67058 67059
1192 73650 73652
1193 72819 72821
1194 71653 71654
1195 76700 76702
1196 71398 71399
1197 77314 77315
1198 73664 73665
1199 71694 71700
1200 64953 64956
1201 71690 71691
1202 75341 75342
1203 71899 71902
1204 73003 73005
1205 69987 69988
1206 76104 76106
1207 63284 63286
1208 83303 83304
1209 69028 69029
1210 74790 74791
1211 77906 77907
1212 68193 68196
1213 72659 72661
1214 71047 71049
1215 71289 71290
1216 72266 72267
1217 64881 64883
1218 67964 67966
1219 76636 76637
1220 61436 61437
1221 64457 64459
1222 76529 76530
1223 69380 69381
1224 75947 75949
1225 64523 64526
1226 71474 71475
1227 74457 74458
1228 62229 62231
1229 67704 67705
1230 74122 74123
1231 70559 70560
1232 71470 71472
1233 73922 73923
1234 65818 65819
1235 72627 72628
1236 66216 66217
1237 72985 72988
1238 67745 67746
1239 68665 68666
1240 64849 64850
1241 69541 69543
1242 73636 73637
1243 68392 68394
1244 70370 70371
1245 75778 75779
1246 73208 73209
1247 66678 66679
1248 79964 79966
1249 70069 70072
1250 70609 70610
1251 69031 69032
1252 59073 59074
1253 68837 68840
1254 67532 67533
1255 70188 70189
1256 79723 79724
1257 66234 66235
1258 78865 78867
1259 74161 74163
1260 67997 67998
1261 69246 69249
1262 68536 68537
1263 70142 70144
1264 70105 70107
1265 66967 66968
1266 83694 83697
1267 67337 67338
1268 73957 73959
1269 71762 71763
1270 56967 56971
1271 71947 71949
1272 67990 67991
1273 64466 64467
1274 67559 67561
1275 72111 72112
1276 64727 64728
1277 69891 69895
1278 69834 69837
1279 75823 75825
1280 59264 59265
1281 75299 75300
1282 62712 62714
1283 69178 69181
1284 70871 70873
1285 67725 67727
1286 73804 73805
1287 67825 67827
1288 66835 66836
1289 67395 67396
1290 70813 70814
1291 64362 64363
1292 67526 67527
1293 69872 69874
1294 80582 80583
1295 66882 66883
1296 68140 68141
1297 68781 68782
1298 62908 62909
1299 70663 70666
1300 54927 54928
1301 69931 69932
1302 71346 71348
1303 57958 57959
1304 65568 65571
1305 65669 65670
1306 60797 60798
1307 73501 73502
1308 65161 65162
1309 66026 66028
1310 71163 71164
1311 68958 68959
1312 66471 66476
1313 66396 66400
1314 69780 69782
1315 53688 53689
1316 66784 66785
1317 67223 67224
1318 62442 62443
1319 64177 64178
1320 72729 72730
1321 52783 52785
1322 63167 63168
1323 64479 64482
1324 63939 63941
1325 63779 63780
1326 66671 66675
1327 67390 67391
1328 66601 66602
1329 65674 65677
1330 64252 64254
1331 65239 65242
1332 66086 66090
1333 67918 67919
1334 69907 69908
1335 63255 63256
1336 67261 67262
1337 62371 62375
1338 71161 71162
1339 65586 65590
1340 65465 65466
1341 65002 65003
1342 78683 78686
1343 62737 62738
1344 65403 65404
1345 67962 67963
1346 63892 63893
1347 64564 64565
1348 63325 63326
1349 60391 60392
1350 67042 67044
1351 67266 67267
1352 62902 62904
1353 64908 64909
1354 63839 63841
1355 53440 53441
1356 64190 64191
1357 63246 63247
1358 63334 63335
1359 64511 64512
1360 63644 63647
1361 67342 67343
1362 63977 63978
1363 64914 64916
1364 64721 64722
1365 60979 60986
1366 63953 63954
1367 75938 75939
1368 64521 64522
1369 61085 61086
1370 64323 64324
1371 66833 66834
1372 54990 54992
1373 61044 61045
1374 57809 57810
1375 64334 64335
1376 65229 65230
1377 61074 61077
1378 65444 65445
1379 64071 64072
1380 62667 62668
1381 62512 62514
1382 64476 64477
1383 62279 62282
1384 61693 61695
1385 85554 85559
1386 49256 49257
1387 64388 64389
1388 53355 53356
1389 62174 62175
1390 61904 61905
1391 85354 85355
1392 40539 40540
1393 66430 66431
1394 61942 61943
1395 59092 59093
1396 60912 60916
1397 63819 63820
1398 60261 60264
1399 63106 63107
1400 64174 64175
1401 67315 67316
1402 64016 64017
1403 62192 62193
1404 61860 61863
1405 65877 65878
1406 64995 64996
1407 54969 54970
1408 72488 72489
1409 62085 62089
1410 63881 63884
1411 57872 57874
1412 60154 60157
1413 61921 61922
1414 62911 62913
1415 61968 61970
1416 56953 56954
1417 61407 61408
1418 61636 61637
1419 36431 36432
1420 66383 66384
1421 62233 62234
1422 63172 63173
1423 57620 57621
1424 60539 60540
1425 62363 62364
1426 59195 59196
1427 60617 60618
1428 61927 61928
1429 58504 58505
1430 49446 49447
1431 37004 37005
1432 61035 61039
1433 53254 53255
1434 63715 63716
1435 59795 59797
1436 58580 58582
1437 63385 63386
1438 57702 57703
1439 55132 55133
1440 61688 61690
1441 66425 66429
1442 62076 62077
1443 63798 63799
1444 60703 60704
1445 61753 61755
1446 61303 61305
1447 55936 55939
1448 66746 66747
1449 56052 56053
1450 56869 56870
1451 61508 61509
1452 59623 59624
1453 60709 60710
1454 57151 57152
1455 61236 61237
1456 56042 56044
1457 58589 58590
1458 53969 53970
1459 60938 60939
1460 69182 69183
1461 60787 60788
1462 56356 56357
1463 55562 55563
1464 59653 59656
1465 50689 50690
1466 53001 53002
1467 58956 58959
1468 61318 61319
1469 53247 53249
1470 59434 59435
1471 60679 60680
1472 58968 58969
1473 53737 53738
1474 55042 55043
1475 63848 63850
1476 58508 58509
1477 59369 59370
1478 56389 56392
1479 57690 57693
1480 49157 49158
1481 68019 68021
1482 55930 55933
1483 52814 52819
1484 61093 61094
1485 60220 60221
1486 59996 59998
1487 59632 59633
1488 60917 60918
1489 56897 56898
1490 57352 57353
1491 54620 54622
1492 54752 54753
1493 59616 59618
1494 54946 54949
1495 56236 56239
1496 60315 60316
1497 59308 59309
1498 55002 55004
1499 54416 54418
1500 53603 53605
1501 57026 57027
1502 56544 56545
1503 54598 54599
1504 52004 52005
1505 54230 54233
1506 51108 51109
1507 56299 56300
1508 52206 52207
1509 63969 63971
1510 56157 56158
1511 52754 52755
1512 57369 57370
1513 53057 53058
1514 57075 57078
1515 53209 53213
1516 67709 67710
1517 52570 52571
1518 70004 70005
1519 52939 52940
1520 57088 57089
1521 49243 49244
1522 70152 70155
1523 40085 40087
1524 60198 60199
1525 51408 51409
1526 51729 51730
1527 60881 60882
1528 56087 56089
1529 52979 52981
1530 56917 56918
1531 60553 60555
1532 55775 55776
1533 52370 52371
1534 59422 59424
1535 53397 53398
1536 55919 55920
1537 56202 56205
1538 56000 56003
1539 56522 56525
1540 52438 52441
1541 58517 58518
1542 52667 52668
1543 52902 52903
1544 55601 55602
1545 52699 52700
1546 51826 51827
1547 59098 59099
1548 29553 29554
1549 32589 32590
1550 29992 29994
1551 28988 28989
1552 33956 33957
1553 28472 28473
1554 30875 30876
1555 34573 34578
1556 29555 29556
1557 27948 27956
1558 30434 30435
1559 29575 29576
1560 32033 32034
1561 30191 30193
1562 24708 24709
1563 30559 30563
1564 28420 28422
1565 29029 29030
1566 27843 27844
1567 28514 28515
1568 28717 28718
1569 28603 28604
1570 25835 25837
1571 21111 21112
1572 23972 23973
1573 30703 30704
1574 17711 17716
1575 27250 27251
1576 26621 26622
1577 29401 29402
1578 24434 24435
1579 21050 21052
1580 26316 26318
1581 22667 22668
1582 25546 25548
1583 19054 19055
1584 21372 21373
1585 20477 20478
1586 27814 27815
1587 24856 24857
1588 21318 21319
1589 33489 33490
1590 14563 14566
1591 25378 25379
1592 28547 28552
1593 28556 28557
1594 18316 18318
1595 16797 16798
1596 29435 29436
1597 26163 26164
1598 23574 23575
1599 29589 29590
1600 26233 26234
1601 28649 28650
1602 26797 26800
1603 20110 20111
1604 18573 18575
1605 17538 17540
1606 24399 24401
1607 25536 25537
1608 38683 38686
1609 21091 21092
1610 26433 26434
1611 21570 21571
1612 19742 19743
1613 25644 25645
1614 35404 35409
1615 20898 20899
1616 33112 33114
1617 14884 14885
1618 22743 22744
1619 25263 25264
1620 26123 26124
1621 8882 8884
1622 18607 18608
1623 23337 23338
1624 13574 13575
1625 4520 4522
1626 11109 11110
1627 15664 15665
1628 20234 20235
1629 25570 25571
1630 24378 24379
1631 19099 19102
1632 21540 21541
1633 22098 22099
1634 26573 26575
1635 26026 26027
1636 40264 40265
1637 18913 18914
1638 25238 25239
1639 21029 21030
1640 22353 22354
1641 11188 11193
1642 20191 20192
1643 29470 29471
1644 20830 20831
1645 19039 19040
1646 22429 22430
1647 23457 23458
1648 23125 23126
1649 13011 13012
1650 23732 23733
1651 13354 13355
1652 23063 23064
1653 14165 14167
1654 17046 17047
1655 26791 26792
1656 18702 18704
1657 24521 24522
1658 19007 19009
1659 23410 23411
1660 25174 25176
1661 17558 17559
1662 34609 34611
1663 27388 27389
1664 17725 17727
1665 20920 20921
1666 19379 19381
1667 18609 18612
1668 23089 23090
1669 15920 15921
1670 43869 43871
1671 17986 17987
1672 24252 24255
1673 10433 10435
1674 22584 22585
1675 17652 17654
1676 17901 17902
1677 17438 17439
1678 19646 19647
1679 19705 19706
1680 22383 22384
1681 15110 15111
1682 21203 21204
1683 19962 19963
1684 18691 18692
1685 18277 18279
1686 19375 19376
1687 16632 16634
1688 22012 22013
1689 9179 9180
1690 20304 20305
1691 12121 12123
1692 17367 17369
1693 18507 18508
1694 21915 21916
1695 18333 18334
1696 13474 13475
1697 17030 17031
1698 16997 17000
1699 9459 9460
1700 2549 2550
1701 20187 20188
1702 17698 17699
1703 44121 44124
1704 49030 49031
1705 55879 55880
1706 52869 52870
1707 50237 50241
1708 60834 60837
1709 54397 54400
1710 53624 53625
1711 48220 48222
1712 54564 54565
1713 49728 49731
1714 54088 54089
1715 54102 54103
1716 51199 51201
1717 56526 56527
1718 49431 49433
1719 59454 59456
1720 51652 51653
1721 58629 58632
1722 48998 49000
1723 52341 52342
1724 51837 51838
1725 52856 52857
1726 54979 54980
1727 50616 50617
1728 52773 52774
1729 81268 81269
1730 47478 47479
1731 68118 68119
1732 34579 34580
1733 52520 52523
1734 51313 51317
1735 52118 52119
1736 52329 52332
1737 56076 56077
1738 49500 49501
1739 54745 54747
1740 54429 54430
1741 49416 49417
1742 52527 52529
1743 53022 53023
1744 52192 52193
1745 60608 60611
1746 45505 45506
1747 55807 55808
1748 51933 51935
1749 70417 70418
1750 51542 51543
1751 49640 49641
1752 53938 53939
1753 50008 50009
1754 52487 52489
1755 49723 49724
1756 46289 46290
1757 52928 52929
1758 48198 48199
1759 51989 51990
1760 42994 42995
1761 50555 50556
1762 52260 52261
1763 42976 42977
1764 51669 51670
1765 49360 49361
1766 49313 49314
1767 52844 52845
1768 46576 46578
1769 52748 52751
1770 48880 48881
1771 48021 48023
1772 45272 45273
1773 51226 51228
1774 46060 46062
1775 50172 50173
1776 50369 50371
1777 51437 51438
1778 49930 49931
1779 49813 49814
1780 49562 49563
1781 50389 50391
1782 49786 49790
1783 52621 52622
1784 48794 48795
1785 50541 50543
1786 47175 47178
1787 61771 61772
1788 49866 49867
1789 49403 49406
1790 47629 47630
1791 50176 50177
1792 41575 41576
1793 46630 46631
1794 50567 50568
1795 40726 40727
1796 52161 52163
1797 43050 43052
1798 42630 42633
1799 49070 49071
1800 47726 47728
1801 42507 42508
1802 46388 46389
1803 40889 40890
1804 51821 51822
1805 48184 48185
1806 47611 47614
1807 51095 51099
1808 50980 50981
1809 34662 34663
1810 53424 53425
1811 47809 47810
1812 52029 52032
1813 49104 49108
1814 49026 49027
1815 49182 49183
1816 48169 48172
1817 48560 48561
1818 47518 47519
1819 56379 56380
1820 35631 35632
1821 44118 44120
1822 50392 50394
1823 43723 43725
1824 47955 47956
1825 42715 42716
1826 49162 49163
1827 48043 48044
1828 44810 44811
1829 52069 52071
1830 47190 47191
1831 48031 48032
1832 44342 44343
1833 41722 41723
1834 42491 42492
1835 44932 44934
1836 47474 47477
1837 47753 47754
1838 50604 50607
1839 35918 35919
1840 47729 47732
1841 43244 43245
1842 44762 44764
1843 47256 47257
1844 46924 46925
1845 59021 59022
1846 35201 35202
1847 45167 45170
1848 45950 45954
1849 36701 36702
1850 51839 51840
1851 44303 44304
1852 43619 43620
1853 48870 48871
1854 40000 40001
1855 43608 43610
1856 46867 46868
1857 45065 45068
1858 41591 41594
1859 41599 41600
1860 42911 42912
1861 45078 45082
1862 49809 49812
1863 42682 42683
1864 46344 46345
1865 41911 41912
1866 45310 45311
1867 38111 38112
1868 44505 44506
1869 41751 41752
1870 42539 42540
1871 39834 39836
1872 43468 43469
1873 39469 39470
1874 44089 44091
1875 44658 44659
1876 43885 43886
1877 44265 44266
1878 39012 39014
1879 39476 39477
1880 40913 40916
1881 39784 39786
1882 47345 47348
1883 37564 37565
1884 51014 51015
1885 31945 31946
1886 42811 42812
1887 58397 58399
1888 28506 28507
1889 47582 47584
1890 40483 40484
1891 48200 48201
1892 43346 43347
1893 42789 42790
1894 41270 41271
1895 42286 42287
1896 47605 47606
1897 39649 39650
1898 40839 40841
1899 39292 39293
1900 41830 41831
1901 42552 42554
1902 59043 59046
1903 38970 38971
1904 37438 37439
1905 27487 27488
1906 38140 38141
1907 48718 48719
1908 41056 41057
1909 46541 46544
1910 45866 45869
1911 39387 39388
1912 45960 45961
1913 56462 56463
1914 38492 38496
1915 42303 42306
1916 34526 34527
1917 46845 46846
1918 40348 40352
1919 41924 41925
1920 50660 50661
1921 38555 38556
1922 36209 36212
1923 40942 40945
1924 36133 36134
1925 44212 44213
1926 31453 31454
1927 30106 30107
1928 38778 38780
1929 39095 39096
1930 41990 41992
1931 42413 42416
1932 26108 26109
1933 41716 41717
1934 38877 38878
1935 68966 68967
1936 86587 86588
1937 89158 89159
1938 89874 89877
1939 89855 89856
1940 89207 89208
1941 89579 89580
1942 89957 89958
1943 89392 89394
1944 89985 89986
1945 89058 89059
1946 89527 89529
1947 89359 89360
1948 89923 89924
1949 89645 89647
1950 89498 89499
1951 89730 89731
1952 89674 89675
1953 88486 88488
1954 88681 88682
1955 85722 85723
1956 89978 89979
1957 89389 89391
1958 89365 89367
1959 89925 89930
1960 89132 89133
1961 87600 87602
1962 89337 89340
1963 89240 89242
1964 89591 89592
1965 89233 89235
1966 89116 89118
1967 88346 88347
1968 87621 87622
1969 87658 87660
1970 85175 85176
1971 89081 89082
1972 88726 88727
1973 89103 89104
1974 85196 85199
1975 89043 89045
1976 85121 85122
1977 87215 87217
1978 86954 86955
1979 89106 89107
1980 82097 82098
1981 88535 88536
1982 89447 89448
1983 88873 88874
1984 87514 87515
1985 88950 88952
1986 87986 87987
1987 89229 89230
1988 85087 85088
1989 88608 88609
1990 88738 88739
1991 87410 87411
1992 87906 87908
1993 89347 89348
1994 82269 82270
1995 89755 89760
1996 88284 88285
1997 87938 87939
1998 87821 87822
1999 85393 85394
2000 88615 88617
2001 87538 87540
2002 84126 84127
2003 86998 87000
2004 85491 85492
2005 88969 88973
2006 81889 81890
2007 84538 84539
2008 87656 87657
2009 86946 86947
2010 87553 87556
2011 86527 86528
2012 88364 88365
2013 86400 86401
2014 85100 85101
2015 85084 85086
2016 85095 85097
2017 83603 83606
2018 85072 85073
2019 89150 89151
2020 83927 83931
2021 86426 86427
2022 89808 89811
2023 86781 86784
2024 87274 87275
2025 86018 86019
2026 89935 89937
2027 85917 85919
2028 88652 88653
2029 83935 83936
2030 88179 88180
2031 82521 82522
2032 84506 84508
2033 85054 85056
2034 84596 84597
2035 87603 87608
2036 81330 81331
2037 86660 86661
2038 86654 86655
2039 85027 85028
2040 88807 88809
2041 86806 86808
2042 84863 84865
2043 86562 86566
2044 84072 84073
2045 86022 86024
2046 86071 86072
2047 84859 84860
2048 85531 85534
2049 84739 84742
2050 85788 85790
2051 83358 83359
2052 84602 84603
2053 85192 85193
2054 84681 84682
2055 84302 84303
2056 86503 86504
2057 55236 55237
2058 84679 84680
2059 82867 82871
2060 87229 87231
2061 84634 84636
2062 84845 84846
2063 84464 84466
2064 86372 86373
2065 84626 84627
2066 84770 84772
2067 82672 82673
2068 85285 85286
2069 84428 84429
2070 80243 80244
2071 83412 83413
2072 84630 84633
2073 84715 84716
2074 84056 84057
2075 87314 87315
2076 84223 84224
2077 87526 87528
2078 79367 79368
2079 81822 81823
2080 82452 82454
2081 84412 84414
2082 83670 83672
2083 85362 85363
2084 78608 78610
2085 82056 82061
2086 85753 85754
2087 84953 84955
2088 84969 84970
2089 81645 81646
2090 79895 79896
2091 80770 80771
2092 82587 82588
2093 84689 84690
2094 87884 87885
2095 79887 79888
2096 84310 84311
2097 85373 85375
2098 83290 83291
2099 84705 84707
2100 75355 75356
2101 84510 84511
2102 79946 79949
2103 82293 82294
2104 82287 82289
2105 88144 88146
2106 75121 75122
2107 86518 86520
2108 83420 83421
2109 84402 84404
2110 83221 83222
2111 82309 82311
2112 84460 84463
2113 30116 30117
2114 40756 40757
2115 39148 39149
2116 37263 37264
2117 38193 38194
2118 41213 41214
2119 53401 53405
2120 31830 31833
2121 36576 36577
2122 41811 41812
2123 42892 42893
2124 34789 34790
2125 35701 35703
2126 32678 32679
2127 50483 50484
2128 39037 39038
2129 38289 38290
2130 36569 36570
2131 38090 38093
2132 38620 38621
2133 38893 38894
2134 34885 34887
2135 32842 32844
2136 40279 40281
2137 38385 38387
2138 37498 37499
2139 41266 41267
2140 34067 34068
2141 22767 22768
2142 39309 39310
2143 35618 35620
2144 43528 43531
2145 31378 31380
2146 37196 37197
2147 34296 34297
2148 34453 34454
2149 39870 39872
2150 37558 37561
2151 40069 40070
2152 34158 34159
2153 38610 38613
2154 40709 40710
2155 34843 34844
2156 38490 38491
2157 34382 34384
2158 41417 41418
2159 31661 31663
2160 38678 38679
2161 34699 34702
2162 42336 42337
2163 31307 31309
2164 36850 36851
2165 33713 33714
2166 39033 39034
2167 35527 35528
2168 29078 29080
2169 36321 36322
2170 39286 39287
2171 30776 30777
2172 39803 39804
2173 34239 34240
2174 38860 38861
2175 27715 27716
2176 39368 39369
2177 35503 35506
2178 37313 37314
2179 35730 35731
2180 30609 30610
2181 27673 27676
2182 57718 57722
2183 15314 15316
2184 16649 16650
2185 12530 12531
2186 20960 20961
2187 10957 10958
2188 16872 16878
2189 24805 24807
2190 12321 12322
2191 14929 14930
2192 17866 17867
2193 3436 3437
2194 25031 25032
2195 15245 15246
2196 15553 15555
2197 10916 10917
2198 12124 12125
2199 13345 13346
2200 14187 14188
2201 19776 19778
2202 11484 11487
2203 13265 13266
2204 15291 15293
2205 6420 6422
2206 7547 7548
2207 28766 28768
2208 9722 9723
2209 13645 13646
2210 22854 22856
2211 11624 11625
2212 16018 16019
2213 18195 18196
2214 16434 16436
2215 11803 11805
2216 17440 17442
2217 9101 9102
2218 17238 17239
2219 24858 24859
2220 7761 7763
2221 10546 10547
2222 12892 12893
2223 16972 16973
2224 10199 10200
2225 13407 13408
2226 6856 6858
2227 12907 12908
2228 14736 14737
2229 11680 11681
2230 2808 2809
2231 12319 12320
2232 13071 13072
2233 11656 11657
2234 14272 14274
2235 11284 11285
2236 9436 9437
2237 3045 3047
2238 10144 10146
2239 11981 11983
2240 2682 2683
2241 9694 9697
2242 2952 2953
2243 12539 12540
2244 10938 10939
2245 2290 2291
2246 655 656
2247 3725 3726
2248 1871 1872
2249 1582 1583
2250 11589 11595
2251 3235 3236
2252 8790 8791
2253 10793 10794
2254 10504 10505
2255 19181 19182
2256 4895 4896
2257 12909 12910
2258 22146 22147
2259 31092 31094
2260 34437 34439
2261 34543 34544
2262 43622 43623
2263 37188 37189
2264 35005 35006
2265 23683 23684
2266 43793 43795
2267 41122 41123
2268 34565 34566
2269 30697 30698
2270 34086 34087
2271 32652 32653
2272 34054 34056
2273 33938 33942
2274 45926 45927
2275 27017 27021
2276 37162 37164
2277 44141 44142
2278 9968 9969
2279 35773 35774
2280 39966 39967
2281 29370 29371
2282 31461 31462
2283 35735 35736
2284 39467 39468
2285 32193 32194
2286 35097 35098
2287 33512 33514
2288 31204 31208
2289 29974 29975
2290 36650 36652
2291 33191 33193
2292 80760 80761
2293 1696 1697
2294 34636 34638
2295 33572 33574
2296 34010 34011
2297 38175 38176
2298 38589 38590
2299 28215 28222
2300 32117 32118
2301 37182 37183
2302 34235 34238
2303 32986 32987
2304 28509 28510
2305 38472 38474
2306 27762 27764
2307 32059 32060
2308 30333 30334
2309 33207 33208
2310 40229 40230
2311 28045 28047
2312 35340 35341
2313 34596 34597
2314 40342 40344
2315 36898 36900
2316 29942 29943
2317 33948 33951
2318 37909 37910
2319 33928 33929
2320 34633 34634
2321 30772 30773
2322 29896 29897
2323 27863 27864
2324 53012 53015
2325 13060 13061
2326 34317 34318
2327 27036 27037
2328 32134 32138
2329 30148 30149
2330 29117 29118
2331 34730 34732
2332 24566 24569
2333 37206 37207
2334 22699 22700
2335 71173 71174
2336 32220 32222
2337 33253 33254
2338 35325 35326
2339 28886 28888
2340 30327 30328
2341 37966 37967
2342 18870 18873
2343 32015 32016
2344 34331 34332
2345 29071 29073
2346 44571 44573
2347 28479 28480
2348 33781 33782
2349 32669 32671
2350 32333 32334
2351 30922 30924
2352 29709 29710
2353 25867 25868
2354 11638 11639
2355 30125 30126
2356 31855 31856
2357 29063 29064
2358 29976 29977
2359 44125 44127
2360 27447 27448
2361 28365 28366
2362 33487 33488
2363 21720 21721
2364 29582 29583
2365 26880 26881
2366 31390 31391
2367 31534 31535
2368 26339 26340
2369 25943 25947
2370 35914 35915
2371 22701 22704
2372 28474 28477
2373 27769 27770
2374 34852 34853
2375 31014 31015
2376 28871 28872
2377 26185 26187
2378 31724 31726
2379 30691 30692
2380 39458 39459
2381 23102 23104
2382 28632 28635
2383 25797 25799
2384 30343 30344
2385 26019 26020
2386 30709 30711
2387 31978 31979
2388 25997 25998
2389 50781 50782
2390 23120 23122
2391 30853 30854
2392 34161 34162
2393 25325 25326
2394 31750 31755
2395 24004 24006
2396 34415 34417
2397 27740 27741
2398 24382 24384
2399 57675 57676
2400 30438 30442
2401 45327 45328
2402 35929 35931
2403 21301 21304
2404 26918 26921
2405 25144 25145
2406 38055 38059
2407 29457 29458
2408 30996 30997
2409 25931 25932
2410 24359 24362
2411 29717 29721
2412 26884 26886
2413 24259 24260
2414 22722 22723
2415 28753 28755
2416 24572 24573
2417 30575 30576
2418 24190 24192
2419 26398 26400
2420 20050 20051
2421 22818 22819
2422 27030 27031
2423 29431 29432
2424 25999 26001
2425 33073 33074
2426 35367 35368
2427 28677 28678
2428 52236 52240
2429 11202 11205
2430 28270 28271
2431 24872 24873
2432 22317 22318
2433 29632 29633
2434 31862 31863
2435 23300 23301
2436 26178 26180
2437 23649 23652
2438 23823 23825
2439 26974 26977
2440 26826 26827
2441 24539 24541
2442 27883 27884
2443 23014 23015
2444 30628 30629
2445 21645 21647
2446 25907 25908
2447 24724 24725
2448 16573 16574
2449 28090 28091
2450 30606 30607
2451 24135 24136
2452 22972 22974
2453 25402 25403
2454 26058 26060
2455 23952 23953
2456 22970 22971
2457 26987 26989
2458 35826 35828
2459 21552 21556
2460 25622 25623
2461 24930 24931
2462 26863 26864
2463 21658 21659
2464 22379 22380
2465 21779 21780
2466 32292 32295
2467 9488 9489
2468 24557 24558
2469 23729 23730
2470 29889 29890
2471 15938 15939
2472 27700 27701
2473 18905 18906
2474 26134 26135
2475 29396 29397
2476 24682 24684
2477 20826 20827
2478 23002 23005
2479 25072 25073
2480 22271 22272
2481 20335 20337
2482 28382 28383
2483 27781 27782
2484 20093 20094
2485 25439 25440
2486 19272 19273
2487 24486 24488
2488 22582 22583
2489 23920 23921
2490 929 931
2491 9092 9093
2492 6407 6408
2493 13218 13220
2494 11445 11446
2495 17427 17429
2496 1964 1966
2497 7962 7963
2498 8033 8037
2499 8534 8535
2500 12506 12507
2501 16167 16168
2502 8736 8737
2503 15624 15626
2504 8966 8967
2505 10098 10101
2506 7679 7682
2507 7646 7647
2508 9778 9780
2509 6992 6995
2510 12237 12238
2511 7555 7558
2512 9226 9227
2513 4474 4475
2514 6960 6961
2515 10158 10159
2516 9638 9640
2517 5890 5891
2518 7349 7350
2519 5941 5942
2520 15972 15974
2521 2539 2541
2522 10288 10289
2523 5691 5692
2524 17148 17149
2525 5076 5078
2526 6328 6331
2527 1649 1652
2528 6884 6885
2529 3723 3724
2530 16103 16104
2531 21089 21090
2532 31007 31009
2533 28451 28454
2534 22641 22642
2535 20881 20883
2536 19590 19591
2537 21336 21337
2538 24613 24614
2539 24966 24969
2540 15079 15080
2541 24716 24717
2542 20117 20118
2543 27710 27712
2544 16193 16194
2545 19315 19317
2546 22545 22547
2547 22215 22217
2548 22482 22485
2549 23703 23704
2550 20751 20752
2551 22978 22980
2552 25534 25535
2553 21942 21943
2554 22193 22194
2555 24310 24311
2556 19651 19652
2557 20858 20859
2558 22095 22096
2559 23046 23047
2560 12357 12358
2561 25891 25892
2562 22036 22037
2563 18200 18205
2564 31968 31969
2565 21486 21488
2566 18303 18304
2567 21653 21654
2568 24852 24855
2569 18933 18935
2570 22884 22885
2571 21585 21588
2572 21273 21274
2573 23634 23635
2574 29701 29702
2575 15602 15603
2576 21591 21592
2577 25161 25163
2578 18376 18377
2579 19955 19956
2580 20125 20127
2581 20663 20664
2582 24458 24460
2583 19490 19491
2584 18888 18890
2585 32619 32620
2586 11018 11019
2587 19865 19867
2588 40847 40848
2589 18684 18685
2590 19324 19328
2591 14910 14912
2592 19582 19583
2593 21874 21875
2594 21565 21566
2595 20504 20508
2596 22045 22047
2597 16529 16531
2598 18398 18399
2599 19945 19947
2600 13058 13059
2601 22864 22865
2602 23556 23557
2603 14994 14995
2604 23826 23828
2605 19494 19495
2606 16702 16703
2607 21889 21890
2608 18537 18539
2609 20297 20298
2610 20331 20332
2611 20255 20256
2612 21727 21728
2613 16361 16362
2614 22051 22052
2615 16758 16759
2616 24233 24234
2617 17738 17739
2618 27689 27690
2619 12636 12637
2620 29288 29289
2621 14989 14990
2622 16239 16241
2623 29002 29003
2624 8673 8674
2625 3671 3675
2626 5645 5646
2627 10614 10615
2628 14498 14499
2629 3802 3804
2630 9229 9230
2631 2166 2168
2632 14648 14649
2633 378 379
2634 6773 6774
2635 13166 13167
2636 20055 20058
2637 17317 17318
2638 17248 17252
2639 18056 18061
2640 19192 19193
2641 20483 20487
2642 18268 18272
2643 16473 16474
2644 19932 19934
2645 18017 18022
2646 16577 16581
2647 27703 27704
2648 5717 5718
2649 8282 8283
2650 3818 3819
2651 15606 15608
2652 21442 21446
2653 17834 17835
2654 16144 16145
2655 16948 16949
2656 14545 14546
2657 17497 17498
2658 16031 16032
2659 16384 16385
2660 18046 18047
2661 14002 14003
2662 21314 21316
2663 12585 12586
2664 16055 16056
2665 18597 18598
2666 15875 15876
2667 20756 20757
2668 15370 15371
2669 15377 15378
2670 15409 15410
2671 18011 18013
2672 15016 15019
2673 17792 17795
2674 25100 25101
2675 24264 24265
2676 11631 11633
2677 17926 17929
2678 20028 20029
2679 7785 7787
2680 334 335
2681 5546 5547
2682 4021 4022
2683 6996 6998
2684 19016 19017
2685 14430 14431
2686 11571 11572
2687 16516 16517
2688 10177 10178
2689 14253 14254
2690 15847 15848
2691 15231 15232
2692 15414 15415
2693 13520 13522
2694 13794 13796
2695 15209 15210
2696 28993 28994
2697 12851 12853
2698 14715 14716
2699 24466 24467
2700 14779 14780
2701 14108 14109
2702 13256 13257
2703 758 759
2704 5443 5444
2705 1288 1291
2706 17144 17147
2707 14139 14140
2708 15511 15513
2709 31224 31225
2710 78344 78352
2711 81638 81639
2712 88186 88188
2713 80098 80099
2714 87189 87190
2715 81474 81475
2716 80199 80200
2717 79787 79788
2718 86452 86453
2719 80956 80959
2720 78847 78849
2721 83590 83591
2722 84058 84061
2723 81547 81548
2724 84241 84243
2725 65800 65802
2726 83536 83538
2727 82879 82880
2728 87510 87513
2729 79987 79988
2730 84512 84513
2731 81694 81695
2732 81921 81923
2733 86009 86010
2734 87570 87571
2735 81195 81197
2736 81715 81716
2737 81947 81949
2738 83381 83382
2739 81290 81292
2740 80354 80355
2741 80922 80923
2742 80634 80635
2743 81828 81829
2744 82552 82553
2745 83845 83846
2746 81519 81522
2747 78398 78399
2748 83072 83073
2749 80890 80891
2750 84639 84641
2751 74426 74428
2752 82991 82993
2753 80067 80069
2754 80716 80717
2755 80109 80112
2756 72791 72792
2757 82965 82966
2758 81818 81820
2759 79877 79878
2760 82565 82567
2761 79879 79880
2762 85970 85971
2763 80207 80208
2764 75230 75231
2765 79725 79726
2766 83683 83686
2767 81862 81864
2768 80346 80347
2769 85344 85346
2770 73569 73571
2771 78944 78945
2772 82080 82081
2773 81858 81860
2774 80177 80180
2775 84594 84595
2776 71089 71090
2777 81504 81505
2778 73126 73127
2779 81986 81987
2780 79771 79774
2781 82854 82855
2782 79390 79391
2783 78210 78212
2784 78440 78442
2785 75061 75062
2786 79981 79982
2787 79768 79770
2788 80744 80745
2789 80131 80133
2790 80169 80170
2791 79992 79993
2792 80819 80820
2793 78049 78050
2794 80277 80280
2795 78594 78595
2796 78465 78466
2797 76980 76981
2798 81744 81746
2799 78980 78981
2800 80750 80751
2801 77625 77626
2802 79094 79095
2803 76768 76769
2804 81931 81932
2805 80676 80677
2806 81029 81030
2807 80025 80026
2808 76652 76653
2809 79580 79582
2810 77447 77448
2811 83150 83151
2812 79253 79254
2813 79536 79537
2814 76439 76440
2815 78181 78187
2816 79556 79558
2817 77173 77174
2818 86901 86903
2819 78208 78209
2820 81442 81446
2821 75400 75402
2822 77884 77885
2823 74190 74191
2824 84208 84210
2825 69721 69722
2826 87557 87559
2827 84216 84217
2828 77075 77076
2829 78913 78914
2830 81544 81545
2831 77593 77595
2832 80256 80257
2833 80600 80601
2834 78735 78736
2835 80318 80320
2836 78100 78101
2837 79245 79246
2838 78028 78029
2839 77831 77832
2840 77576 77577
2841 80197 80198
2842 76068 76069
2843 82642 82644
2844 68148 68150
2845 77899 77900
2846 79612 79613
2847 80509 80510
2848 77071 77072
2849 81551 81554
2850 70008 70010
2851 82940 82944
2852 74380 74381
2853 81079 81080
2854 79618 79619
2855 74702 74703
2856 76531 76533
2857 74594 74595
2858 79960 79961
2859 76189 76198
2860 73021 73022
2861 80573 80574
2862 74820 74821
2863 80930 80933
2864 76762 76764
2865 87699 87702
2866 73641 73643
2867 77570 77572
2868 79600 79601
2869 76915 76916
2870 78433 78434
2871 79532 79533
2872 71275 71276
2873 80778 80779
2874 71370 71373
2875 76730 76731
2876 77785 77786
2877 75905 75906
2878 77545 77546
2879 79567 79568
2880 78728 78729
2881 79272 79275
2882 77166 77168
2883 84945 84947
2884 76121 76122
2885 78903 78904
2886 76993 76994
2887 75553 75554
2888 77464 77467
2889 74770 74771
2890 78994 78995
2891 71488 71489
2892 78022 78023
2893 73776 73777
2894 79616 79617
2895 78536 78538
2896 76035 76036
2897 75966 75968
2898 71551 71553
2899 76986 76987
2900 75711 75712
2901 75653 75656
2902 74484 74485
2903 76874 76875
2904 77266 77269
2905 74518 74519
2906 75513 75514
2907 74476 74477
2908 79189 79191
2909 73242 73243
2910 77188 77190
2911 77079 77080
2912 75063 75065
2913 77258 77259
2914 69156 69157
2915 75026 75028
2916 78424 78432
2917 74044 74046
2918 76855 76858
2919 75671 75672
2920 76519 76520
2921 68855 68857
2922 85297 85298
2923 71904 71905
2924 77967 77971
2925 75575 75577
2926 75099 75100
2927 75496 75499
2928 74028 74029
2929 75744 75745
2930 75274 75275
2931 74282 74283
2932 71084 71086
2933 72375 72376
2934 75446 75447
2935 74244 74247
2936 76107 76108
2937 72693 72695
2938 80075 80079
2939 73062 73063
2940 75923 75924
2941 74434 74439
2942 75173 75175
2943 79430 79431
2944 76347 76348
2945 72204 72205
2946 70344 70345
2947 73785 73786
2948 77063 77065
2949 74180 74182
2950 75066 75069
2951 74253 74255
2952 69358 69359
2953 74808 74812
2954 81187 81188
2955 68050 68052
2956 73508 73509
2957 73702 73703
2958 77815 77816
2959 72767 72768
2960 71872 71876
2961 72654 72657
2962 75406 75407
2963 75270 75271
2964 72041 72043
2965 74873 74874
2966 75005 75006
2967 77294 77295