2968
0
89959 89960 
86293 86294 
89861 89862 
88595 88596 
89849 89850 
88986 88987 
89672 89673 
89696 89697 
89998 89999 
81087 81088 
88496 88499 
89895 89896 
88704 88705 
83518 83520 
85799 85800 
79427 79428 
83225 83226 
82774 82775 
78852 78853 
79664 79665 
64943 64945 
59378 59379 
84899 84900 
52801 52802 
60601 60602 
41389 41392 
78065 78067 
63127 63128 
42070 42071 
61249 61250 
32454 32455 
71241 71242 
38318 38319 
75829 75831 
29618 29619 
65692 65693 
52916 52918 
8662 8664 
60807 60810 
29394 29395 
77614 77616 
11960 11966 
22397 22398 
19754 19755 
657 659 
56210 56212 
41310 41314 
7257 7259 
89237 89238 
88820 88822 
88061 88062 
84913 84914 
87499 87500 
83325 83326 
85564 85565 
78362 78364 
84062 84063 
85498 85499 
83418 83419 
77250 77251 
84857 84858 
83373 83375 
83360 83362 
82903 82906 
85808 85809 
88462 88464 
78495 78497 
87458 87459 
83335 83336 
74920 74921 
81051 81052 
84347 84348 
81532 81534 
77358 77360 
85649 85650 
86814 86815 
84172 84174 
89433 89434 
65847 65848 
82601 82602 
73233 73234 
65298 65299 
82279 82280 
81933 81936 
75178 75179 
66378 66380 
82922 82923 
80840 80841 
74415 74416 
79090 79092 
53789 53790 
54068 54072 
73317 73320 
73991 73992 
80093 80094 
79989 79991 
80409 80411 
79454 79455 
80351 80353 
78515 78516 
74912 74913 
77329 77331 
76827 76830 
73165 73166 
79924 79925 
67566 67568 
74125 74126 
75925 75926 
72288 72289 
66419 66420 
61789 61792 
79783 79785 
53054 53055 
65769 65770 
57172 57173 
42947 42949 
78730 78734 
54672 54673 
67487 67488 
77061 77062 
57245 57246 
67638 67639 
64535 64536 
81838 81839 
73391 73393 
69649 69653 
66734 66735 
73862 73864 
61345 61346 
71099 71100 
64637 64640 
73100 73101 
74727 74731 
70392 70393 
69469 69470 
65734 65735 
67814 67815 
65365 65366 
69672 69673 
51266 51268 
65223 65224 
67414 67415 
64415 64416 
57299 57301 
40622 40623 
58684 58687 
62011 62012 
62565 62566 
68481 68482 
69763 69764 
52133 52134 
63489 63491 
51221 51222 
72583 72584 
62770 62771 
51157 51159 
47169 47171 
73928 73929 
53079 53080 
49280 49281 
63481 63482 
45937 45938 
65467 65468 
50381 50382 
58927 58928 
48193 48194 
52367 52368 
55420 55421 
41040 41042 
50317 50319 
42634 42637 
62439 62441 
32157 32159 
74040 74043 
56037 56040 
58324 58325 
57837 57838 
43538 43540 
43023 43024 
67622 67623 
45856 45857 
54880 54881 
70706 70707 
32409 32411 
49386 49387 
41857 41858 
55196 55197 
44035 44037 
40854 40856 
43439 43441 
48818 48819 
54385 54386 
42938 42939 
42062 42063 
59590 59591 
42123 42124 
47776 47778 
43299 43300 
49923 49924 
76938 76939 
86735 86737 
86220 86223 
89482 89483 
89046 89047 
87447 87448 
87180 87181 
87152 87153 
78973 78975 
81526 81527 
88236 88239 
87583 87585 
89439 89440 
87117 87118 
84399 84400 
85349 85351 
83130 83131 
87413 87414 
84834 84836 
78295 78296 
88028 88029 
88527 88528 
87746 87747 
86575 86576 
77765 77766 
85854 85855 
87759 87760 
86776 86778 
84359 84360 
87596 87598 
86263 86264 
89005 89007 
87990 87991 
85718 85719 
88988 88989 
88396 88397 
87792 87795 
85712 85713 
85542 85544 
86635 86637 
86584 86586 
78031 78032 
88243 88244 
87025 87030 
84268 84269 
83730 83732 
87516 87518 
84930 84931 
82082 82083 
77951 77953 
54923 54924 
85321 85328 
82598 82599 
84098 84102 
85709 85710 
85329 85332 
70123 70124 
84696 84698 
69083 69084 
83840 83841 
85185 85186 
81497 81498 
82783 82784 
86315 86316 
75647 75648 
86406 86407 
82001 82003 
86748 86749 
81189 81192 
78237 78238 
72308 72309 
85370 85372 
81536 81537 
85714 85715 
75758 75762 
83553 83554 
81333 81334 
79930 79932 
78025 78027 
84668 84669 
71555 71556 
84067 84068 
82928 82929 
81884 81885 
80403 80405 
83193 83194 
83467 83468 
87547 87552 
79269 79270 
75261 75263 
83227 83230 
85739 85740 
70885 70887 
80523 80524 
78571 78572 
83872 83875 
81967 81968 
82897 82900 
76094 76095 
83838 83839 
76774 76775 
82543 82544 
85478 85479 
80438 80439 
80960 80961 
84673 84675 
77527 77528 
78473 78474 
79571 79572 
80528 80529 
82478 82481 
76612 76617 
82343 82344 
82163 82164 
66033 66034 
70536 70538 
75444 75445 
85566 85568 
78877 78878 
65957 65960 
85408 85409 
61005 61006 
75176 75177 
77276 77277 
74152 74153 
81566 81567 
81145 81147 
83201 83202 
75197 75198 
62881 62883 
80449 80450 
84331 84332 
58069 58071 
79265 79266 
79940 79942 
75319 75320 
79001 79002 
80370 80371 
78940 78941 
71858 71859 
75346 75348 
75133 75135 
80610 80611 
68234 68235 
73605 73606 
80845 80846 
78490 78491 
78255 78256 
69804 69805 
79057 79058 
78857 78858 
75930 75933 
73133 73134 
78171 78173 
74844 74846 
73453 73454 
76946 76948 
74831 74832 
75994 75995 
74545 74546 
70964 70965 
75227 75228 
78615 78619 
70011 70012 
70711 70713 
71942 71944 
83297 83302 
40980 40981 
71517 71518 
73707 73708 
75598 75599 
76600 76602 
76417 76419 
68038 68039 
73437 73438 
83425 83427 
64089 64090 
76343 76344 
76019 76020 
68904 68905 
73171 73172 
76258 76259 
62486 62489 
77135 77137 
64400 64401 
51477 51479 
72853 72855 
67731 67732 
70305 70306 
72781 72782 
72761 72762 
71204 71205 
73515 73516 
72164 72165 
70455 70457 
68679 68680 
78518 78523 
63666 63667 
67368 67369 
69482 69483 
71656 71658 
68694 68695 
70878 70879 
82195 82196 
64165 64170 
77032 77033 
71252 71257 
55109 55110 
71304 71306 
70079 70080 
69789 69790 
67366 67367 
79475 79476 
30156 30159 
69148 69149 
68745 68746 
69548 69549 
56330 56331 
67446 67450 
73867 73868 
47970 47972 
27992 27993 
35646 35647 
30942 30943 
29807 29808 
42284 42285 
42579 42580 
55281 55282 
41908 41909 
33608 33611 
35162 35163 
27694 27697 
29508 29511 
2268 2269 
16658 16660 
6221 6223 
21374 21375 
17464 17465 
425 426 
48976 48977 
46295 46296 
25470 25473 
56519 56521 
52956 52957 
44347 44348 
50311 50312 
30657 30658 
25465 25467 
45594 45597 
26940 26942 
41535 41536 
39178 39179 
32640 32641 
42822 42825 
32384 32385 
40011 40013 
31366 31367 
34288 34289 
38204 38205 
41885 41886 
39121 39122 
33825 33826 
40330 40331 
30508 30509 
27402 27405 
40537 40538 
29803 29805 
38518 38519 
31926 31927 
28978 28979 
14493 14494 
17244 17245 
37937 37939 
16091 16093 
40130 40132 
29950 29952 
30335 30339 
45137 45139 
18796 18798 
21168 21169 
27869 27871 
21879 21880 
46006 46007 
8999 9000 
26306 26307 
31601 31602 
29867 29868 
27634 27636 
30049 30051 
36970 36971 
68692 68693 
68211 68212 
87374 87375 
59940 59941 
78283 78284 
31729 31733 
59328 59330 
68058 68060 
59975 59976 
65729 65730 
68478 68480 
49074 49076 
76150 76151 
61343 61344 
68770 68771 
73646 73649 
69172 69173 
65460 65461 
67854 67856 
67474 67475 
60764 60765 
67022 67023 
66054 66055 
67024 67025 
66817 66818 
74499 74500 
60339 60340 
66358 66361 
66260 66261 
63902 63903 
64117 64123 
78195 78196 
33373 33376 
64678 64681 
65360 65361 
53154 53155 
58215 58218 
61155 61156 
66932 66933 
61452 61454 
60054 60055 
58222 58223 
62178 62180 
56276 56277 
67683 67684 
65680 65681 
48562 48563 
64437 64442 
51648 51649 
66248 66249 
60852 60853 
68990 68991 
57389 57391 
80423 80426 
61765 61767 
64300 64302 
58970 58971 
67137 67138 
51053 51059 
63551 63552 
57805 57806 
58856 58857 
65243 65244 
48259 48260 
65814 65815 
64376 64377 
46626 46627 
57680 57683 
64755 64757 
58299 58300 
68503 68504 
57664 57665 
63960 63962 
75290 75295 
50986 50987 
60231 60234 
48301 48303 
62895 62896 
60896 60897 
57783 57784 
68249 68250 
56283 56284 
56147 56148 
64260 64263 
52914 52915 
60631 60639 
55814 55818 
64899 64902 
56172 56173 
53045 53046 
57472 57473 
50261 50262 
55126 55129 
56345 56348 
52764 52766 
51607 51608 
53856 53857 
66156 66157 
54327 54329 
64793 64794 
55289 55290 
60169 60171 
60780 60781 
68036 68037 
60841 60843 
58777 58782 
56174 56176 
55974 55975 
62611 62613 
58650 58651 
57611 57612 
12981 12982 
24890 24891 
24141 24143 
27242 27243 
18586 18588 
32328 32329 
29031 29032 
20697 20698 
18495 18496 
24023 24024 
27771 27773 
25538 25541 
30318 30320 
25411 25412 
40238 40240 
50569 50571 
55012 55013 
57747 57748 
54750 54751 
55370 55371 
57649 57651 
42691 42692 
54291 54293 
53556 53559 
55209 55210 
54708 54709 
51655 51656 
54122 54123 
55626 55627 
51871 51872 
54414 54415 
57777 57778 
53601 53602 
49262 49265 
54161 54162 
53749 53751 
54090 54091 
63872 63873 
49725 49727 
38065 38066 
43796 43797 
50590 50592 
56537 56538 
46155 46157 
53123 53124 
55854 55855 
55357 55358 
38060 38061 
52919 52920 
54215 54216 
54341 54342 
63212 63213 
47854 47855 
52041 52042 
46888 46892 
53074 53075 
54642 54644 
42886 42887 
55694 55695 
41865 41867 
57815 57816 
33598 33599 
52095 52096 
58055 58057 
51737 51741 
47142 47143 
52379 52380 
54433 54435 
51895 51897 
50813 50815 
50081 50082 
50833 50834 
53617 53618 
51552 51553 
45684 45685 
50084 50085 
50670 50672 
52372 52374 
47067 47068 
51010 51011 
51113 51116 
70439 70443 
35798 35799 
45104 45105 
18319 18321 
48319 48321 
55240 55241 
35246 35247 
36606 36607 
42940 42944 
54817 54818 
40751 40752 
55573 55575 
40572 40573 
42722 42723 
47488 47490 
46732 46737 
55649 55650 
41887 41888 
24879 24881 
25922 25923 
23021 23023 
18787 18791 
22343 22344 
16219 16220 
18450 18451 
18074 18076 
13311 13313 
13844 13845 
19263 19264 
20684 20685 
18346 18349 
12325 12327 
32203 32205 
10082 10083 
23804 23806 
12562 12563 
10112 10113 
4283 4284 
22569 22570 
13860 13862 
7668 7669 
39923 39925 
45569 45571 
45145 45146 
43105 43110 
47414 47415 
67344 67345 
42652 42653 
47838 47842 
49032 49033 
50954 50956 
51709 51710 
47995 47996 
47306 47308 
39105 39106 
46462 46463 
56819 56821 
28914 28916 
44382 44385 
44651 44652 
49990 49991 
44469 44470 
42950 42952 
47222 47227 
40308 40309 
50551 50552 
46011 46012 
42174 42176 
40443 40444 
53413 53415 
27729 27730 
48708 48709 
33863 33864 
49293 49296 
43111 43112 
46765 46766 
43431 43433 
49688 49689 
41668 41670 
38526 38527 
38399 38400 
45812 45813 
39670 39671 
50098 50099 
17486 17487 
35113 35114 
46148 46149 
36323 36326 
35062 35063 
17643 17645 
44611 44612 
45729 45730 
41505 41506 
50077 50078 
42023 42024 
40575 40576 
37247 37248 
45828 45829 
36247 36249 
34804 34806 
46231 46233 
43442 43445 
43536 43537 
34361 34362 
44284 44285 
46252 46253 
40115 40116 
35803 35804 
33154 33155 
42294 42295 
44247 44248 
43325 43328 
38482 38483 
46254 46256 
31998 31999 
30947 30948 
40769 40770 
33474 33477 
40306 40307 
32525 32526 
35358 35360 
24790 24791 
42206 42208 
45351 45352 
34278 34279 
37904 37905 
41340 41344 
30037 30038 
44423 44424 
53060 53061 
27909 27910 
37039 37040 
29350 29351 
40423 40424 
20801 20804 
45374 45375 
39356 39357 
45161 45163 
32712 32713 
34581 34582 
46098 46099 
22266 22267 
49297 49298 
33570 33571 
34569 34570 
29963 29964 
32200 32201 
38170 38171 
41816 41817 
29742 29743 
31703 31704 
32532 32534 
35106 35107 
35981 35984 
44718 44719 
33138 33140 
13240 13243 
4970 4971 
7972 7977 
13392 13393 
13706 13707 
22816 22817 
11813 11814 
1278 1280 
18034 18035 
24980 24981 
1126 1127 
18526 18527 
507 508 
16281 16282 
16668 16669 
12070 12071 
16944 16947 
29937 29939 
15422 15425 
10451 10454 
33299 33300 
33868 33869 
21712 21713 
37198 37199 
31970 31971 
37775 37776 
34958 34959 
36832 36833 
28174 28176 
34098 34099 
25774 25775 
31827 31829 
44214 44215 
25785 25786 
37411 37412 
29780 29781 
34639 34640 
43673 43677 
24648 24649 
30619 30624 
33799 33800 
30910 30914 
33891 33894 
30316 30317 
30753 30754 
41106 41107 
28597 28598 
50717 50718 
7533 7534 
38372 38373 
25639 25640 
29557 29559 
59106 59107 
86616 86618 
89310 89312 
88857 88859 
87478 87480 
89700 89704 
88937 88941 
89461 89463 
89698 89699 
86313 86314 
89917 89918 
89341 89342 
89621 89622 
89266 89269 
89095 89096 
89320 89322 
89455 89457 
86232 86235 
87449 87450 
88976 88977 
88549 88550 
88637 88638 
87714 87715 
86300 86301 
89857 89860 
89915 89916 
88576 88577 
86241 86242 
86979 86981 
88781 88782 
82872 82874 
87390 87391 
87846 87849 
85994 85997 
89689 89690 
82248 82249 
88291 88292 
87834 87835 
81853 81854 
89965 89966 
74947 74948 
87686 87687 
89190 89195 
85776 85777 
89817 89818 
86158 86159 
88100 88101 
86505 86508 
85312 85314 
87850 87852 
89773 89774 
87572 87573 
87682 87685 
89459 89460 
83705 83706 
85786 85787 
86516 86517 
85843 85845 
83942 83944 
88414 88415 
89274 89275 
86757 86758 
85412 85414 
89819 89820 
59629 59631 
88329 88331 
86461 86463 
89500 89503 
82545 82547 
88293 88294 
85535 85536 
88030 88032 
84995 84997 
86850 86851 
82389 82391 
82578 82579 
83810 83812 
87609 87611 
83395 83396 
88891 88892 
73221 73222 
86501 86502 
86479 86480 
89089 89090 
81596 81598 
85701 85703 
84887 84890 
85451 85453 
82158 82160 
80349 80350 
86592 86593 
83849 83851 
83592 83593 
84604 84605 
86175 86176 
84028 84029 
86438 86439 
85116 85120 
84719 84721 
85366 85367 
89225 89227 
84612 84613 
83819 83820 
89017 89018 
74706 74707 
87688 87689 
84007 84009 
76277 76278 
84443 84444 
78935 78938 
84326 84328 
88887 88890 
83790 83791 
86279 86281 
83023 83024 
83095 83096 
84220 84222 
83442 83443 
81281 81282 
89023 89024 
85050 85051 
82832 82834 
83348 83349 
87919 87920 
86765 86766 
84113 84114 
81842 81844 
81288 81289 
83288 83289 
81573 81575 
87106 87110 
73653 73654 
82703 82704 
80214 80215 
79369 79370 
82709 82710 
82901 82902 
81658 81659 
81370 81371 
86092 86093 
82065 82067 
79513 79514 
82791 82792 
79395 79396 
86795 86796 
77908 77910 
82963 82964 
73915 73917 
77338 77339 
83386 83387 
76625 76626 
86058 86059 
80171 80173 
82683 82684 
79059 79060 
81665 81666 
83164 83168 
87619 87620 
83078 83079 
77149 77151 
83013 83015 
82173 82174 
81620 81622 
86366 86367 
82994 82995 
75328 75329 
79604 79605 
82324 82325 
68398 68399 
86353 86354 
71985 71987 
79337 79338 
78035 78036 
89288 89289 
76013 76017 
82254 82255 
77841 77842 
81357 81358 
81899 81900 
80184 80185 
78145 78146 
82108 82109 
78449 78450 
79122 79125 
82262 82265 
80366 80367 
82220 82221 
80919 80921 
80338 80339 
74429 74433 
82013 82015 
73969 73970 
80395 80396 
79175 79176 
78317 78318 
82806 82807 
80924 80925 
81167 81169 
77228 77231 
82649 82650 
81961 81962 
77645 77646 
89564 89565 
76341 76342 
82047 82050 
84876 84878 
79238 79240 
78548 78550 
81036 81037 
73206 73207 
80121 80122 
74393 74395 
86036 86039 
78776 78777 
82668 82671 
75243 75245 
79100 79101 
79327 79328 
76606 76607 
76867 76868 
74700 74701 
76182 76183 
79902 79903 
82645 82647 
76681 76683 
80201 80202 
80264 80265 
76374 76375 
75382 75383 
80358 80359 
76546 76547 
79011 79012 
81741 81742 
74750 74753 
78315 78316 
75200 75201 
72316 72317 
77192 77193 
82665 82666 
75193 75194 
76577 76580 
75476 75477 
70172 70175 
85806 85807 
72514 72515 
78290 78291 
69958 69959 
73343 73345 
70602 70608 
75978 75979 
76753 76755 
67656 67658 
74743 74745 
80181 80182 
76679 76680 
81198 81199 
79845 79846 
73534 73535 
79606 79607 
78862 78863 
74746 74747 
70643 70645 
76038 76039 
74311 74316 
84279 84280 
70769 70770 
80537 80539 
82557 82558 
81351 81352 
75776 75777 
76717 76718 
81414 81415 
70081 70082 
78151 78152 
76997 76998 
78985 78986 
64460 64462 
74970 74974 
73629 73630 
77123 77124 
74130 74132 
73081 73082 
77274 77275 
67897 67900 
74262 74264 
79165 79166 
71496 71497 
85515 85516 
76461 76464 
74670 74671 
71157 71158 
73072 73073 
74896 74898 
74194 74196 
73128 73129 
70628 70629 
74542 74544 
73600 73601 
75296 75298 
77536 77537 
59495 59497 
67058 67059 
73650 73652 
72819 72821 
71653 71654 
76700 76702 
71398 71399 
77314 77315 
73664 73665 
71694 71700 
64953 64956 
71690 71691 
75341 75342 
71899 71902 
73003 73005 
69987 69988 
76104 76106 
63284 63286 
83303 83304 
69028 69029 
74790 74791 
77906 77907 
68193 68196 
72659 72661 
71047 71049 
71289 71290 
72266 72267 
64881 64883 
67964 67966 
76636 76637 
61436 61437 
64457 64459 
76529 76530 
69380 69381 
75947 75949 
64523 64526 
71474 71475 
74457 74458 
62229 62231 
67704 67705 
74122 74123 
70559 70560 
71470 71472 
73922 73923 
65818 65819 
72627 72628 
66216 66217 
72985 72988 
67745 67746 
68665 68666 
64849 64850 
69541 69543 
73636 73637 
68392 68394 
70370 70371 
75778 75779 
73208 73209 
66678 66679 
79964 79966 
70069 70072 
70609 70610 
69031 69032 
59073 59074 
68837 68840 
67532 67533 
70188 70189 
79723 79724 
66234 66235 
78865 78867 
74161 74163 
67997 67998 
69246 69249 
68536 68537 
70142 70144 
70105 70107 
66967 66968 
83694 83697 
67337 67338 
73957 73959 
71762 71763 
56967 56971 
71947 71949 
67990 67991 
64466 64467 
67559 67561 
72111 72112 
64727 64728 
69891 69895 
69834 69837 
75823 75825 
59264 59265 
75299 75300 
62712 62714 
69178 69181 
70871 70873 
67725 67727 
73804 73805 
67825 67827 
66835 66836 
67395 67396 
70813 70814 
64362 64363 
67526 67527 
69872 69874 
80582 80583 
66882 66883 
68140 68141 
68781 68782 
62908 62909 
70663 70666 
54927 54928 
69931 69932 
71346 71348 
57958 57959 
65568 65571 
65669 65670 
60797 60798 
73501 73502 
65161 65162 
66026 66028 
71163 71164 
68958 68959 
66471 66476 
66396 66400 
69780 69782 
53688 53689 
66784 66785 
67223 67224 
62442 62443 
64177 64178 
72729 72730 
52783 52785 
63167 63168 
64479 64482 
63939 63941 
63779 63780 
66671 66675 
67390 67391 
66601 66602 
65674 65677 
64252 64254 
65239 65242 
66086 66090 
67918 67919 
69907 69908 
63255 63256 
67261 67262 
62371 62375 
71161 71162 
65586 65590 
65465 65466 
65002 65003 
78683 78686 
62737 62738 
65403 65404 
67962 67963 
63892 63893 
64564 64565 
63325 63326 
60391 60392 
67042 67044 
67266 67267 
62902 62904 
64908 64909 
63839 63841 
53440 53441 
64190 64191 
63246 63247 
63334 63335 
64511 64512 
63644 63647 
67342 67343 
63977 63978 
64914 64916 
64721 64722 
60979 60986 
63953 63954 
75938 75939 
64521 64522 
61085 61086 
64323 64324 
66833 66834 
54990 54992 
61044 61045 
57809 57810 
64334 64335 
65229 65230 
61074 61077 
65444 65445 
64071 64072 
62667 62668 
62512 62514 
64476 64477 
62279 62282 
61693 61695 
85554 85559 
49256 49257 
64388 64389 
53355 53356 
62174 62175 
61904 61905 
85354 85355 
40539 40540 
66430 66431 
61942 61943 
59092 59093 
60912 60916 
63819 63820 
60261 60264 
63106 63107 
64174 64175 
67315 67316 
64016 64017 
62192 62193 
61860 61863 
65877 65878 
64995 64996 
54969 54970 
72488 72489 
62085 62089 
63881 63884 
57872 57874 
60154 60157 
61921 61922 
62911 62913 
61968 61970 
56953 56954 
61407 61408 
61636 61637 
36431 36432 
66383 66384 
62233 62234 
63172 63173 
57620 57621 
60539 60540 
62363 62364 
59195 59196 
60617 60618 
61927 61928 
58504 58505 
49446 49447 
37004 37005 
61035 61039 
53254 53255 
63715 63716 
59795 59797 
58580 58582 
63385 63386 
57702 57703 
55132 55133 
61688 61690 
66425 66429 
62076 62077 
63798 63799 
60703 60704 
61753 61755 
61303 61305 
55936 55939 
66746 66747 
56052 56053 
56869 56870 
61508 61509 
59623 59624 
60709 60710 
57151 57152 
61236 61237 
56042 56044 
58589 58590 
53969 53970 
60938 60939 
69182 69183 
60787 60788 
56356 56357 
55562 55563 
59653 59656 
50689 50690 
53001 53002 
58956 58959 
61318 61319 
53247 53249 
59434 59435 
60679 60680 
58968 58969 
53737 53738 
55042 55043 
63848 63850 
58508 58509 
59369 59370 
56389 56392 
57690 57693 
49157 49158 
68019 68021 
55930 55933 
52814 52819 
61093 61094 
60220 60221 
59996 59998 
59632 59633 
60917 60918 
56897 56898 
57352 57353 
54620 54622 
54752 54753 
59616 59618 
54946 54949 
56236 56239 
60315 60316 
59308 59309 
55002 55004 
54416 54418 
53603 53605 
57026 57027 
56544 56545 
54598 54599 
52004 52005 
54230 54233 
51108 51109 
56299 56300 
52206 52207 
63969 63971 
56157 56158 
52754 52755 
57369 57370 
53057 53058 
57075 57078 
53209 53213 
67709 67710 
52570 52571 
70004 70005 
52939 52940 
57088 57089 
49243 49244 
70152 70155 
40085 40087 
60198 60199 
51408 51409 
51729 51730 
60881 60882 
56087 56089 
52979 52981 
56917 56918 
60553 60555 
55775 55776 
52370 52371 
59422 59424 
53397 53398 
55919 55920 
56202 56205 
56000 56003 
56522 56525 
52438 52441 
58517 58518 
52667 52668 
52902 52903 
55601 55602 
52699 52700 
51826 51827 
59098 59099 
29553 29554 
32589 32590 
29992 29994 
28988 28989 
33956 33957 
28472 28473 
30875 30876 
34573 34578 
29555 29556 
27948 27956 
30434 30435 
29575 29576 
32033 32034 
30191 30193 
24708 24709 
30559 30563 
28420 28422 
29029 29030 
27843 27844 
28514 28515 
28717 28718 
28603 28604 
25835 25837 
21111 21112 
23972 23973 
30703 30704 
17711 17716 
27250 27251 
26621 26622 
29401 29402 
24434 24435 
21050 21052 
26316 26318 
22667 22668 
25546 25548 
19054 19055 
21372 21373 
20477 20478 
27814 27815 
24856 24857 
21318 21319 
33489 33490 
14563 14566 
25378 25379 
28547 28552 
28556 28557 
18316 18318 
16797 16798 
29435 29436 
26163 26164 
23574 23575 
29589 29590 
26233 26234 
28649 28650 
26797 26800 
20110 20111 
18573 18575 
17538 17540 
24399 24401 
25536 25537 
38683 38686 
21091 21092 
26433 26434 
21570 21571 
19742 19743 
25644 25645 
35404 35409 
20898 20899 
33112 33114 
14884 14885 
22743 22744 
25263 25264 
26123 26124 
8882 8884 
18607 18608 
23337 23338 
13574 13575 
4520 4522 
11109 11110 
15664 15665 
20234 20235 
25570 25571 
24378 24379 
19099 19102 
21540 21541 
22098 22099 
26573 26575 
26026 26027 
40264 40265 
18913 18914 
25238 25239 
21029 21030 
22353 22354 
11188 11193 
20191 20192 
29470 29471 
20830 20831 
19039 19040 
22429 22430 
23457 23458 
23125 23126 
13011 13012 
23732 23733 
13354 13355 
23063 23064 
14165 14167 
17046 17047 
26791 26792 
18702 18704 
24521 24522 
19007 19009 
23410 23411 
25174 25176 
17558 17559 
34609 34611 
27388 27389 
17725 17727 
20920 20921 
19379 19381 
18609 18612 
23089 23090 
15920 15921 
43869 43871 
17986 17987 
24252 24255 
10433 10435 
22584 22585 
17652 17654 
17901 17902 
17438 17439 
19646 19647 
19705 19706 
22383 22384 
15110 15111 
21203 21204 
19962 19963 
18691 18692 
18277 18279 
19375 19376 
16632 16634 
22012 22013 
9179 9180 
20304 20305 
12121 12123 
17367 17369 
18507 18508 
21915 21916 
18333 18334 
13474 13475 
17030 17031 
16997 17000 
9459 9460 
2549 2550 
20187 20188 
17698 17699 
44121 44124 
49030 49031 
55879 55880 
52869 52870 
50237 50241 
60834 60837 
54397 54400 
53624 53625 
48220 48222 
54564 54565 
49728 49731 
54088 54089 
54102 54103 
51199 51201 
56526 56527 
49431 49433 
59454 59456 
51652 51653 
58629 58632 
48998 49000 
52341 52342 
51837 51838 
52856 52857 
54979 54980 
50616 50617 
52773 52774 
81268 81269 
47478 47479 
68118 68119 
34579 34580 
52520 52523 
51313 51317 
52118 52119 
52329 52332 
56076 56077 
49500 49501 
54745 54747 
54429 54430 
49416 49417 
52527 52529 
53022 53023 
52192 52193 
60608 60611 
45505 45506 
55807 55808 
51933 51935 
70417 70418 
51542 51543 
49640 49641 
53938 53939 
50008 50009 
52487 52489 
49723 49724 
46289 46290 
52928 52929 
48198 48199 
51989 51990 
42994 42995 
50555 50556 
52260 52261 
42976 42977 
51669 51670 
49360 49361 
49313 49314 
52844 52845 
46576 46578 
52748 52751 
48880 48881 
48021 48023 
45272 45273 
51226 51228 
46060 46062 
50172 50173 
50369 50371 
51437 51438 
49930 49931 
49813 49814 
49562 49563 
50389 50391 
49786 49790 
52621 52622 
48794 48795 
50541 50543 
47175 47178 
61771 61772 
49866 49867 
49403 49406 
47629 47630 
50176 50177 
41575 41576 
46630 46631 
50567 50568 
40726 40727 
52161 52163 
43050 43052 
42630 42633 
49070 49071 
47726 47728 
42507 42508 
46388 46389 
40889 40890 
51821 51822 
48184 48185 
47611 47614 
51095 51099 
50980 50981 
34662 34663 
53424 53425 
47809 47810 
52029 52032 
49104 49108 
49026 49027 
49182 49183 
48169 48172 
48560 48561 
47518 47519 
56379 56380 
35631 35632 
44118 44120 
50392 50394 
43723 43725 
47955 47956 
42715 42716 
49162 49163 
48043 48044 
44810 44811 
52069 52071 
47190 47191 
48031 48032 
44342 44343 
41722 41723 
42491 42492 
44932 44934 
47474 47477 
47753 47754 
50604 50607 
35918 35919 
47729 47732 
43244 43245 
44762 44764 
47256 47257 
46924 46925 
59021 59022 
35201 35202 
45167 45170 
45950 45954 
36701 36702 
51839 51840 
44303 44304 
43619 43620 
48870 48871 
40000 40001 
43608 43610 
46867 46868 
45065 45068 
41591 41594 
41599 41600 
42911 42912 
45078 45082 
49809 49812 
42682 42683 
46344 46345 
41911 41912 
45310 45311 
38111 38112 
44505 44506 
41751 41752 
42539 42540 
39834 39836 
43468 43469 
39469 39470 
44089 44091 
44658 44659 
43885 43886 
44265 44266 
39012 39014 
39476 39477 
40913 40916 
39784 39786 
47345 47348 
37564 37565 
51014 51015 
31945 31946 
42811 42812 
58397 58399 
28506 28507 
47582 47584 
40483 40484 
48200 48201 
43346 43347 
42789 42790 
41270 41271 
42286 42287 
47605 47606 
39649 39650 
40839 40841 
39292 39293 
41830 41831 
42552 42554 
59043 59046 
38970 38971 
37438 37439 
27487 27488 
38140 38141 
48718 48719 
41056 41057 
46541 46544 
45866 45869 
39387 39388 
45960 45961 
56462 56463 
38492 38496 
42303 42306 
34526 34527 
46845 46846 
40348 40352 
41924 41925 
50660 50661 
38555 38556 
36209 36212 
40942 40945 
36133 36134 
44212 44213 
31453 31454 
30106 30107 
38778 38780 
39095 39096 
41990 41992 
42413 42416 
26108 26109 
41716 41717 
38877 38878 
68966 68967 
86587 86588 
89158 89159 
89874 89877 
89855 89856 
89207 89208 
89579 89580 
89957 89958 
89392 89394 
89985 89986 
89058 89059 
89527 89529 
89359 89360 
89923 89924 
89645 89647 
89498 89499 
89730 89731 
89674 89675 
88486 88488 
88681 88682 
85722 85723 
89978 89979 
89389 89391 
89365 89367 
89925 89930 
89132 89133 
87600 87602 
89337 89340 
89240 89242 
89591 89592 
89233 89235 
89116 89118 
88346 88347 
87621 87622 
87658 87660 
85175 85176 
89081 89082 
88726 88727 
89103 89104 
85196 85199 
89043 89045 
85121 85122 
87215 87217 
86954 86955 
89106 89107 
82097 82098 
88535 88536 
89447 89448 
88873 88874 
87514 87515 
88950 88952 
87986 87987 
89229 89230 
85087 85088 
88608 88609 
88738 88739 
87410 87411 
87906 87908 
89347 89348 
82269 82270 
89755 89760 
88284 88285 
87938 87939 
87821 87822 
85393 85394 
88615 88617 
87538 87540 
84126 84127 
86998 87000 
85491 85492 
88969 88973 
81889 81890 
84538 84539 
87656 87657 
86946 86947 
87553 87556 
86527 86528 
88364 88365 
86400 86401 
85100 85101 
85084 85086 
85095 85097 
83603 83606 
85072 85073 
89150 89151 
83927 83931 
86426 86427 
89808 89811 
86781 86784 
87274 87275 
86018 86019 
89935 89937 
85917 85919 
88652 88653 
83935 83936 
88179 88180 
82521 82522 
84506 84508 
85054 85056 
84596 84597 
87603 87608 
81330 81331 
86660 86661 
86654 86655 
85027 85028 
88807 88809 
86806 86808 
84863 84865 
86562 86566 
84072 84073 
86022 86024 
86071 86072 
84859 84860 
85531 85534 
84739 84742 
85788 85790 
83358 83359 
84602 84603 
85192 85193 
84681 84682 
84302 84303 
86503 86504 
55236 55237 
84679 84680 
82867 82871 
87229 87231 
84634 84636 
84845 84846 
84464 84466 
86372 86373 
84626 84627 
84770 84772 
82672 82673 
85285 85286 
84428 84429 
80243 80244 
83412 83413 
84630 84633 
84715 84716 
84056 84057 
87314 87315 
84223 84224 
87526 87528 
79367 79368 
81822 81823 
82452 82454 
84412 84414 
83670 83672 
85362 85363 
78608 78610 
82056 82061 
85753 85754 
84953 84955 
84969 84970 
81645 81646 
79895 79896 
80770 80771 
82587 82588 
84689 84690 
87884 87885 
79887 79888 
84310 84311 
85373 85375 
83290 83291 
84705 84707 
75355 75356 
84510 84511 
79946 79949 
82293 82294 
82287 82289 
88144 88146 
75121 75122 
86518 86520 
83420 83421 
84402 84404 
83221 83222 
82309 82311 
84460 84463 
30116 30117 
40756 40757 
39148 39149 
37263 37264 
38193 38194 
41213 41214 
53401 53405 
31830 31833 
36576 36577 
41811 41812 
42892 42893 
34789 34790 
35701 35703 
32678 32679 
50483 50484 
39037 39038 
38289 38290 
36569 36570 
38090 38093 
38620 38621 
38893 38894 
34885 34887 
32842 32844 
40279 40281 
38385 38387 
37498 37499 
41266 41267 
34067 34068 
22767 22768 
39309 39310 
35618 35620 
43528 43531 
31378 31380 
37196 37197 
34296 34297 
34453 34454 
39870 39872 
37558 37561 
40069 40070 
34158 34159 
38610 38613 
40709 40710 
34843 34844 
38490 38491 
34382 34384 
41417 41418 
31661 31663 
38678 38679 
34699 34702 
42336 42337 
31307 31309 
36850 36851 
33713 33714 
39033 39034 
35527 35528 
29078 29080 
36321 36322 
39286 39287 
30776 30777 
39803 39804 
34239 34240 
38860 38861 
27715 27716 
39368 39369 
35503 35506 
37313 37314 
35730 35731 
30609 30610 
27673 27676 
57718 57722 
15314 15316 
16649 16650 
12530 12531 
20960 20961 
10957 10958 
16872 16878 
24805 24807 
12321 12322 
14929 14930 
17866 17867 
3436 3437 
25031 25032 
15245 15246 
15553 15555 
10916 10917 
12124 12125 
13345 13346 
14187 14188 
19776 19778 
11484 11487 
13265 13266 
15291 15293 
6420 6422 
7547 7548 
28766 28768 
9722 9723 
13645 13646 
22854 22856 
11624 11625 
16018 16019 
18195 18196 
16434 16436 
11803 11805 
17440 17442 
9101 9102 
17238 17239 
24858 24859 
7761 7763 
10546 10547 
12892 12893 
16972 16973 
10199 10200 
13407 13408 
6856 6858 
12907 12908 
14736 14737 
11680 11681 
2808 2809 
12319 12320 
13071 13072 
11656 11657 
14272 14274 
11284 11285 
9436 9437 
3045 3047 
10144 10146 
11981 11983 
2682 2683 
9694 9697 
2952 2953 
12539 12540 
10938 10939 
2290 2291 
655 656 
3725 3726 
1871 1872 
1582 1583 
11589 11595 
3235 3236 
8790 8791 
10793 10794 
10504 10505 
19181 19182 
4895 4896 
12909 12910 
22146 22147 
31092 31094 
34437 34439 
34543 34544 
43622 43623 
37188 37189 
35005 35006 
23683 23684 
43793 43795 
41122 41123 
34565 34566 
30697 30698 
34086 34087 
32652 32653 
34054 34056 
33938 33942 
45926 45927 
27017 27021 
37162 37164 
44141 44142 
9968 9969 
35773 35774 
39966 39967 
29370 29371 
31461 31462 
35735 35736 
39467 39468 
32193 32194 
35097 35098 
33512 33514 
31204 31208 
29974 29975 
36650 36652 
33191 33193 
80760 80761 
1696 1697 
34636 34638 
33572 33574 
34010 34011 
38175 38176 
38589 38590 
28215 28222 
32117 32118 
37182 37183 
34235 34238 
32986 32987 
28509 28510 
38472 38474 
27762 27764 
32059 32060 
30333 30334 
33207 33208 
40229 40230 
28045 28047 
35340 35341 
34596 34597 
40342 40344 
36898 36900 
29942 29943 
33948 33951 
37909 37910 
33928 33929 
34633 34634 
30772 30773 
29896 29897 
27863 27864 
53012 53015 
13060 13061 
34317 34318 
27036 27037 
32134 32138 
30148 30149 
29117 29118 
34730 34732 
24566 24569 
37206 37207 
22699 22700 
71173 71174 
32220 32222 
33253 33254 
35325 35326 
28886 28888 
30327 30328 
37966 37967 
18870 18873 
32015 32016 
34331 34332 
29071 29073 
44571 44573 
28479 28480 
33781 33782 
32669 32671 
32333 32334 
30922 30924 
29709 29710 
25867 25868 
11638 11639 
30125 30126 
31855 31856 
29063 29064 
29976 29977 
44125 44127 
27447 27448 
28365 28366 
33487 33488 
21720 21721 
29582 29583 
26880 26881 
31390 31391 
31534 31535 
26339 26340 
25943 25947 
35914 35915 
22701 22704 
28474 28477 
27769 27770 
34852 34853 
31014 31015 
28871 28872 
26185 26187 
31724 31726 
30691 30692 
39458 39459 
23102 23104 
28632 28635 
25797 25799 
30343 30344 
26019 26020 
30709 30711 
31978 31979 
25997 25998 
50781 50782 
23120 23122 
30853 30854 
34161 34162 
25325 25326 
31750 31755 
24004 24006 
34415 34417 
27740 27741 
24382 24384 
57675 57676 
30438 30442 
45327 45328 
35929 35931 
21301 21304 
26918 26921 
25144 25145 
38055 38059 
29457 29458 
30996 30997 
25931 25932 
24359 24362 
29717 29721 
26884 26886 
24259 24260 
22722 22723 
28753 28755 
24572 24573 
30575 30576 
24190 24192 
26398 26400 
20050 20051 
22818 22819 
27030 27031 
29431 29432 
25999 26001 
33073 33074 
35367 35368 
28677 28678 
52236 52240 
11202 11205 
28270 28271 
24872 24873 
22317 22318 
29632 29633 
31862 31863 
23300 23301 
26178 26180 
23649 23652 
23823 23825 
26974 26977 
26826 26827 
24539 24541 
27883 27884 
23014 23015 
30628 30629 
21645 21647 
25907 25908 
24724 24725 
16573 16574 
28090 28091 
30606 30607 
24135 24136 
22972 22974 
25402 25403 
26058 26060 
23952 23953 
22970 22971 
26987 26989 
35826 35828 
21552 21556 
25622 25623 
24930 24931 
26863 26864 
21658 21659 
22379 22380 
21779 21780 
32292 32295 
9488 9489 
24557 24558 
23729 23730 
29889 29890 
15938 15939 
27700 27701 
18905 18906 
26134 26135 
29396 29397 
24682 24684 
20826 20827 
23002 23005 
25072 25073 
22271 22272 
20335 20337 
28382 28383 
27781 27782 
20093 20094 
25439 25440 
19272 19273 
24486 24488 
22582 22583 
23920 23921 
929 931 
9092 9093 
6407 6408 
13218 13220 
11445 11446 
17427 17429 
1964 1966 
7962 7963 
8033 8037 
8534 8535 
12506 12507 
16167 16168 
8736 8737 
15624 15626 
8966 8967 
10098 10101 
7679 7682 
7646 7647 
9778 9780 
6992 6995 
12237 12238 
7555 7558 
9226 9227 
4474 4475 
6960 6961 
10158 10159 
9638 9640 
5890 5891 
7349 7350 
5941 5942 
15972 15974 
2539 2541 
10288 10289 
5691 5692 
17148 17149 
5076 5078 
6328 6331 
1649 1652 
6884 6885 
3723 3724 
16103 16104 
21089 21090 
31007 31009 
28451 28454 
22641 22642 
20881 20883 
19590 19591 
21336 21337 
24613 24614 
24966 24969 
15079 15080 
24716 24717 
20117 20118 
27710 27712 
16193 16194 
19315 19317 
22545 22547 
22215 22217 
22482 22485 
23703 23704 
20751 20752 
22978 22980 
25534 25535 
21942 21943 
22193 22194 
24310 24311 
19651 19652 
20858 20859 
22095 22096 
23046 23047 
12357 12358 
25891 25892 
22036 22037 
18200 18205 
31968 31969 
21486 21488 
18303 18304 
21653 21654 
24852 24855 
18933 18935 
22884 22885 
21585 21588 
21273 21274 
23634 23635 
29701 29702 
15602 15603 
21591 21592 
25161 25163 
18376 18377 
19955 19956 
20125 20127 
20663 20664 
24458 24460 
19490 19491 
18888 18890 
32619 32620 
11018 11019 
19865 19867 
40847 40848 
18684 18685 
19324 19328 
14910 14912 
19582 19583 
21874 21875 
21565 21566 
20504 20508 
22045 22047 
16529 16531 
18398 18399 
19945 19947 
13058 13059 
22864 22865 
23556 23557 
14994 14995 
23826 23828 
19494 19495 
16702 16703 
21889 21890 
18537 18539 
20297 20298 
20331 20332 
20255 20256 
21727 21728 
16361 16362 
22051 22052 
16758 16759 
24233 24234 
17738 17739 
27689 27690 
12636 12637 
29288 29289 
14989 14990 
16239 16241 
29002 29003 
8673 8674 
3671 3675 
5645 5646 
10614 10615 
14498 14499 
3802 3804 
9229 9230 
2166 2168 
14648 14649 
378 379 
6773 6774 
13166 13167 
20055 20058 
17317 17318 
17248 17252 
18056 18061 
19192 19193 
20483 20487 
18268 18272 
16473 16474 
19932 19934 
18017 18022 
16577 16581 
27703 27704 
5717 5718 
8282 8283 
3818 3819 
15606 15608 
21442 21446 
17834 17835 
16144 16145 
16948 16949 
14545 14546 
17497 17498 
16031 16032 
16384 16385 
18046 18047 
14002 14003 
21314 21316 
12585 12586 
16055 16056 
18597 18598 
15875 15876 
20756 20757 
15370 15371 
15377 15378 
15409 15410 
18011 18013 
15016 15019 
17792 17795 
25100 25101 
24264 24265 
11631 11633 
17926 17929 
20028 20029 
7785 7787 
334 335 
5546 5547 
4021 4022 
6996 6998 
19016 19017 
14430 14431 
11571 11572 
16516 16517 
10177 10178 
14253 14254 
15847 15848 
15231 15232 
15414 15415 
13520 13522 
13794 13796 
15209 15210 
28993 28994 
12851 12853 
14715 14716 
24466 24467 
14779 14780 
14108 14109 
13256 13257 
758 759 
5443 5444 
1288 1291 
17144 17147 
14139 14140 
15511 15513 
31224 31225 
78344 78352 
81638 81639 
88186 88188 
80098 80099 
87189 87190 
81474 81475 
80199 80200 
79787 79788 
86452 86453 
80956 80959 
78847 78849 
83590 83591 
84058 84061 
81547 81548 
84241 84243 
65800 65802 
83536 83538 
82879 82880 
87510 87513 
79987 79988 
84512 84513 
81694 81695 
81921 81923 
86009 86010 
87570 87571 
81195 81197 
81715 81716 
81947 81949 
83381 83382 
81290 81292 
80354 80355 
80922 80923 
80634 80635 
81828 81829 
82552 82553 
83845 83846 
81519 81522 
78398 78399 
83072 83073 
80890 80891 
84639 84641 
74426 74428 
82991 82993 
80067 80069 
80716 80717 
80109 80112 
72791 72792 
82965 82966 
81818 81820 
79877 79878 
82565 82567 
79879 79880 
85970 85971 
80207 80208 
75230 75231 
79725 79726 
83683 83686 
81862 81864 
80346 80347 
85344 85346 
73569 73571 
78944 78945 
82080 82081 
81858 81860 
80177 80180 
84594 84595 
71089 71090 
81504 81505 
73126 73127 
81986 81987 
79771 79774 
82854 82855 
79390 79391 
78210 78212 
78440 78442 
75061 75062 
79981 79982 
79768 79770 
80744 80745 
80131 80133 
80169 80170 
79992 79993 
80819 80820 
78049 78050 
80277 80280 
78594 78595 
78465 78466 
76980 76981 
81744 81746 
78980 78981 
80750 80751 
77625 77626 
79094 79095 
76768 76769 
81931 81932 
80676 80677 
81029 81030 
80025 80026 
76652 76653 
79580 79582 
77447 77448 
83150 83151 
79253 79254 
79536 79537 
76439 76440 
78181 78187 
79556 79558 
77173 77174 
86901 86903 
78208 78209 
81442 81446 
75400 75402 
77884 77885 
74190 74191 
84208 84210 
69721 69722 
87557 87559 
84216 84217 
77075 77076 
78913 78914 
81544 81545 
77593 77595 
80256 80257 
80600 80601 
78735 78736 
80318 80320 
78100 78101 
79245 79246 
78028 78029 
77831 77832 
77576 77577 
80197 80198 
76068 76069 
82642 82644 
68148 68150 
77899 77900 
79612 79613 
80509 80510 
77071 77072 
81551 81554 
70008 70010 
82940 82944 
74380 74381 
81079 81080 
79618 79619 
74702 74703 
76531 76533 
74594 74595 
79960 79961 
76189 76198 
73021 73022 
80573 80574 
74820 74821 
80930 80933 
76762 76764 
87699 87702 
73641 73643 
77570 77572 
79600 79601 
76915 76916 
78433 78434 
79532 79533 
71275 71276 
80778 80779 
71370 71373 
76730 76731 
77785 77786 
75905 75906 
77545 77546 
79567 79568 
78728 78729 
79272 79275 
77166 77168 
84945 84947 
76121 76122 
78903 78904 
76993 76994 
75553 75554 
77464 77467 
74770 74771 
78994 78995 
71488 71489 
78022 78023 
73776 73777 
79616 79617 
78536 78538 
76035 76036 
75966 75968 
71551 71553 
76986 76987 
75711 75712 
75653 75656 
74484 74485 
76874 76875 
77266 77269 
74518 74519 
75513 75514 
74476 74477 
79189 79191 
73242 73243 
77188 77190 
77079 77080 
75063 75065 
77258 77259 
69156 69157 
75026 75028 
78424 78432 
74044 74046 
76855 76858 
75671 75672 
76519 76520 
68855 68857 
85297 85298 
71904 71905 
77967 77971 
75575 75577 
75099 75100 
75496 75499 
74028 74029 
75744 75745 
75274 75275 
74282 74283 
71084 71086 
72375 72376 
75446 75447 
74244 74247 
76107 76108 
72693 72695 
80075 80079 
73062 73063 
75923 75924 
74434 74439 
75173 75175 
79430 79431 
76347 76348 
72204 72205 
70344 70345 
73785 73786 
77063 77065 
74180 74182 
75066 75069 
74253 74255 
69358 69359 
74808 74812 
81187 81188 
68050 68052 
73508 73509 
73702 73703 
77815 77816 
72767 72768 
71872 71876 
72654 72657 
75406 75407 
75270 75271 
72041 72043 
74873 74874 
75005 75006 
77294 77295 
