1768
0 1
76500 76501 
59544 59545 
62736 62737 
79410 79411 
14668 14669 
49036 49037 
50650 50651 
67518 67519 
77158 77159 
6202 6203 
19090 19091 
18416 18417 
79882 79883 
71756 71757 
74578 74579 
44158 44159 
50088 50089 
66098 66099 
67700 67701 
74814 74815 
45740 45741 
21114 21115 
42052 42053 
54036 54037 
49312 49313 
76798 76799 
24312 24313 
75724 75725 
44604 44605 
34270 34271 
41712 41713 
20210 20211 
1104 1105 
41368 41369 
73190 73191 
11738 11739 
63198 63199 
45786 45787 
71474 71475 
70928 70929 
34926 34927 
69760 69761 
47708 47709 
67874 67875 
59798 59799 
63026 63027 
56674 56675 
54588 54589 
13438 13439 
17000 17001 
50964 50965 
38406 38407 
79314 79315 
40040 40041 
40514 40515 
6332 6333 
49438 49439 
8952 8953 
77692 77693 
65636 65637 
46474 46475 
27106 27107 
70628 70629 
56162 56163 
70472 70473 
23654 23655 
31998 31999 
60376 60377 
13214 13215 
70084 70085 
9260 9261 
67244 67245 
76624 76625 
36774 36775 
49934 49935 
16658 16659 
74544 74545 
16010 16011 
76836 76837 
61786 61787 
28504 28505 
76960 76961 
59834 59835 
63376 63377 
4440 4441 
43264 43265 
69682 69683 
73490 73491 
74910 74911 
48218 48219 
48994 48995 
6498 6499 
79606 79607 
67020 67021 
72974 72975 
78174 78175 
59624 59625 
52564 52565 
77762 77763 
63978 63979 
5828 5829 
58432 58433 
17300 17301 
68526 68527 
49830 49831 
78080 78081 
74086 74087 
45048 45049 
6252 6253 
68520 68521 
53944 53945 
53168 53169 
39492 39493 
24650 24651 
46796 46797 
75478 75479 
23222 23223 
42474 42475 
63670 63671 
13104 13105 
13378 13379 
4784 4785 
50586 50587 
16986 16987 
66716 66717 
57704 57705 
76102 76103 
60266 60267 
74352 74353 
69672 69673 
46920 46921 
15346 15347 
61468 61469 
25760 25761 
73216 73217 
5390 5391 
26426 26427 
76176 76177 
37660 37661 
43788 43789 
75588 75589 
49466 49467 
58666 58667 
51212 51213 
51020 51021 
75618 75619 
75154 75155 
25202 25203 
56548 56549 
68952 68953 
78620 78621 
24686 24687 
76208 76209 
1778 1779 
73378 73379 
10184 10185 
46212 46213 
71748 71749 
7780 7781 
77198 77199 
74102 74103 
78514 78515 
44706 44707 
5120 5121 
864 865 
72982 72983 
31892 31893 
66796 66797 
39098 39099 
23206 23207 
12146 12147 
30408 30409 
74066 74067 
48730 48731 
60346 60347 
51764 51765 
23664 23665 
57820 57821 
40696 40697 
62918 62919 
53450 53451 
70698 70699 
29050 29051 
57640 57641 
68670 68671 
57932 57933 
26746 26747 
33768 33769 
72842 72843 
59240 59241 
62096 62097 
2822 2823 
58314 58315 
69936 69937 
65924 65925 
11074 11075 
75412 75413 
34488 34489 
13714 13715 
69724 69725 
46992 46993 
58676 58677 
7342 7343 
3884 3885 
48734 48735 
58024 58025 
616 617 
54876 54877 
2740 2741 
4268 4269 
41490 41491 
41570 41571 
8420 8421 
73716 73717 
41436 41437 
42296 42297 
34078 34079 
948 949 
22354 22355 
4124 4125 
77262 77263 
44316 44317 
57394 57395 
78606 78607 
33328 33329 
60612 60613 
57882 57883 
63186 63187 
40226 40227 
67060 67061 
79628 79629 
13480 13481 
79368 79369 
59460 59461 
1862 1863 
42376 42377 
64146 64147 
72906 72907 
35880 35881 
53644 53645 
76188 76189 
74498 74499 
60006 60007 
65300 65301 
2544 2545 
63556 63557 
74454 74455 
70822 70823 
33056 33057 
45286 45287 
49550 49551 
74456 74457 
78664 78665 
54774 54775 
39410 39411 
33028 33029 
66870 66871 
59998 59999 
11942 11943 
70134 70135 
3842 3843 
46142 46143 
72784 72785 
14472 14473 
74972 74973 
59314 59315 
31394 31395 
51192 51193 
76556 76557 
17824 17825 
60288 60289 
68938 68939 
76056 76057 
9816 9817 
34286 34287 
79830 79831 
64674 64675 
72070 72071 
57464 57465 
47022 47023 
55794 55795 
36560 36561 
61546 61547 
60342 60343 
71306 71307 
19318 19319 
63352 63353 
63208 63209 
65820 65821 
57524 57525 
42518 42519 
67442 67443 
58820 58821 
56792 56793 
49430 49431 
42086 42087 
17788 17789 
34966 34967 
37732 37733 
48292 48293 
77730 77731 
57594 57595 
63046 63047 
70186 70187 
66720 66721 
70420 70421 
27808 27809 
57130 57131 
49022 49023 
40214 40215 
60810 60811 
34090 34091 
73576 73577 
78074 78075 
69896 69897 
73210 73211 
18414 18415 
21280 21281 
32780 32781 
75322 75323 
51314 51315 
63764 63765 
35562 35563 
62986 62987 
71872 71873 
48210 48211 
3344 3345 
68532 68533 
75718 75719 
4434 4435 
74068 74069 
7132 7133 
33416 33417 
69336 69337 
41940 41941 
76114 76115 
62080 62081 
40702 40703 
70758 70759 
66252 66253 
23428 23429 
26726 26727 
78976 78977 
166 167 
11484 11485 
16424 16425 
30006 30007 
59896 59897 
27898 27899 
21472 21473 
70076 70077 
64362 64363 
17804 17805 
38050 38051 
35586 35587 
45874 45875 
64790 64791 
58496 58497 
75552 75553 
75750 75751 
69570 69571 
70878 70879 
72836 72837 
68910 68911 
40168 40169 
17042 17043 
70578 70579 
54290 54291 
30536 30537 
70108 70109 
3722 3723 
10506 10507 
33958 33959 
70536 70537 
51016 51017 
28368 28369 
77298 77299 
19108 19109 
26278 26279 
53434 53435 
77412 77413 
76858 76859 
65716 65717 
55592 55593 
53386 53387 
14114 14115 
61170 61171 
59178 59179 
16794 16795 
42010 42011 
30842 30843 
57300 57301 
59346 59347 
73714 73715 
73638 73639 
38730 38731 
17452 17453 
50164 50165 
23662 23663 
46654 46655 
68742 68743 
69522 69523 
68236 68237 
5006 5007 
64956 64957 
51340 51341 
23490 23491 
71680 71681 
62072 62073 
78358 78359 
24250 24251 
75490 75491 
4682 4683 
78666 78667 
54316 54317 
79774 79775 
76526 76527 
20186 20187 
41290 41291 
58010 58011 
73770 73771 
48766 48767 
72314 72315 
72422 72423 
51194 51195 
61544 61545 
3224 3225 
63450 63451 
24712 24713 
4028 4029 
62930 62931 
23756 23757 
4242 4243 
40550 40551 
26254 26255 
24668 24669 
61036 61037 
30708 30709 
59918 59919 
63364 63365 
26442 26443 
78114 78115 
75052 75053 
73496 73497 
73414 73415 
19196 19197 
45342 45343 
72944 72945 
14088 14089 
3794 3795 
58364 58365 
30820 30821 
57248 57249 
72282 72283 
12176 12177 
77888 77889 
32072 32073 
62714 62715 
35746 35747 
46258 46259 
61358 61359 
50402 50403 
28146 28147 
70824 70825 
68294 68295 
20102 20103 
33754 33755 
46330 46331 
69422 69423 
61378 61379 
58436 58437 
76504 76505 
25880 25881 
75460 75461 
25526 25527 
56628 56629 
64190 64191 
62866 62867 
76772 76773 
68046 68047 
65370 65371 
49034 49035 
30682 30683 
78018 78019 
40146 40147 
40380 40381 
9196 9197 
1212 1213 
34346 34347 
34892 34893 
57486 57487 
16946 16947 
68552 68553 
40164 40165 
78534 78535 
68622 68623 
49012 49013 
29094 29095 
55576 55577 
57026 57027 
51348 51349 
47948 47949 
17602 17603 
65342 65343 
20630 20631 
61040 61041 
34632 34633 
74500 74501 
67826 67827 
51218 51219 
47716 47717 
17102 17103 
58664 58665 
76384 76385 
41026 41027 
41016 41017 
33222 33223 
50886 50887 
16260 16261 
78170 78171 
64650 64651 
55298 55299 
61474 61475 
19604 19605 
76702 76703 
39560 39561 
20870 20871 
30438 30439 
50220 50221 
74114 74115 
36706 36707 
26116 26117 
78870 78871 
55838 55839 
67790 67791 
8168 8169 
21916 21917 
71784 71785 
57984 57985 
71260 71261 
220 221 
73854 73855 
61914 61915 
15912 15913 
67200 67201 
79192 79193 
2954 2955 
31914 31915 
13076 13077 
77400 77401 
32900 32901 
79292 79293 
26660 26661 
42760 42761 
66880 66881 
48334 48335 
47252 47253 
38556 38557 
65800 65801 
31484 31485 
19994 19995 
71186 71187 
8144 8145 
71004 71005 
71446 71447 
17272 17273 
69582 69583 
20420 20421 
11642 11643 
29812 29813 
33908 33909 
55570 55571 
60844 60845 
71586 71587 
32478 32479 
67412 67413 
38504 38505 
52480 52481 
78078 78079 
79154 79155 
22856 22857 
70182 70183 
51880 51881 
34952 34953 
3274 3275 
74812 74813 
66380 66381 
2916 2917 
68574 68575 
44632 44633 
60982 60983 
74690 74691 
4750 4751 
36454 36455 
61126 61127 
79038 79039 
73778 73779 
79236 79237 
75010 75011 
68834 68835 
59040 59041 
44672 44673 
22136 22137 
67164 67165 
29258 29259 
62682 62683 
79134 79135 
70986 70987 
35198 35199 
47894 47895 
46558 46559 
41652 41653 
13248 13249 
54910 54911 
28476 28477 
46250 46251 
70782 70783 
39984 39985 
66436 66437 
35530 35531 
8712 8713 
31354 31355 
75860 75861 
70242 70243 
46042 46043 
19326 19327 
74402 74403 
74184 74185 
30420 30421 
55972 55973 
4404 4405 
50820 50821 
20724 20725 
79212 79213 
25402 25403 
69704 69705 
56680 56681 
65228 65229 
18468 18469 
53696 53697 
38358 38359 
76582 76583 
75352 75353 
64846 64847 
24876 24877 
44806 44807 
79446 79447 
44406 44407 
55130 55131 
77662 77663 
46080 46081 
38594 38595 
77216 77217 
54914 54915 
68808 68809 
62112 62113 
65890 65891 
43930 43931 
35064 35065 
60312 60313 
77436 77437 
69532 69533 
58708 58709 
73400 73401 
70462 70463 
54764 54765 
33364 33365 
36662 36663 
17400 17401 
53850 53851 
62302 62303 
4294 4295 
42684 42685 
38176 38177 
76454 76455 
51242 51243 
63836 63837 
25298 25299 
70864 70865 
35152 35153 
79568 79569 
55756 55757 
44084 44085 
52800 52801 
60122 60123 
51874 51875 
55020 55021 
74848 74849 
76326 76327 
982 983 
49636 49637 
5226 5227 
71746 71747 
7330 7331 
41780 41781 
42256 42257 
18440 18441 
77604 77605 
6318 6319 
48232 48233 
78454 78455 
46962 46963 
5750 5751 
78438 78439 
79844 79845 
62848 62849 
71980 71981 
41378 41379 
64454 64455 
61540 61541 
4818 4819 
9266 9267 
61160 61161 
1800 1801 
46540 46541 
76178 76179 
79760 79761 
51316 51317 
42462 42463 
49186 49187 
78284 78285 
22838 22839 
64892 64893 
77922 77923 
18586 18587 
40466 40467 
44922 44923 
64636 64637 
79984 79985 
76566 76567 
78324 78325 
35982 35983 
78406 78407 
57318 57319 
74694 74695 
60072 60073 
44776 44777 
39658 39659 
32624 32625 
70152 70153 
62826 62827 
68472 68473 
43142 43143 
73908 73909 
79412 79413 
49552 49553 
18812 18813 
71156 71157 
27540 27541 
4556 4557 
52980 52981 
75032 75033 
74950 74951 
77020 77021 
25852 25853 
78738 78739 
76456 76457 
46656 46657 
284 285 
74774 74775 
58244 58245 
26870 26871 
77034 77035 
76090 76091 
19916 19917 
62192 62193 
51126 51127 
73802 73803 
27402 27403 
74510 74511 
62896 62897 
32420 32421 
45022 45023 
34866 34867 
29938 29939 
76484 76485 
37768 37769 
40262 40263 
77850 77851 
2914 2915 
77338 77339 
53052 53053 
69020 69021 
2418 2419 
77720 77721 
44482 44483 
60046 60047 
30622 30623 
77992 77993 
57180 57181 
67682 67683 
40944 40945 
19448 19449 
40224 40225 
69894 69895 
45888 45889 
75642 75643 
566 567 
37212 37213 
67512 67513 
79316 79317 
53870 53871 
52660 52661 
31890 31891 
10742 10743 
18802 18803 
11182 11183 
22604 22605 
69816 69817 
78500 78501 
34600 34601 
29910 29911 
55546 55547 
65828 65829 
35700 35701 
59822 59823 
34722 34723 
57162 57163 
30524 30525 
47334 47335 
50938 50939 
8452 8453 
48128 48129 
43916 43917 
53196 53197 
74002 74003 
22866 22867 
72504 72505 
69918 69919 
11586 11587 
16004 16005 
22384 22385 
79796 79797 
58534 58535 
38510 38511 
62722 62723 
34504 34505 
28212 28213 
11882 11883 
78214 78215 
34064 34065 
356 357 
74036 74037 
56400 56401 
31792 31793 
72376 72377 
53150 53151 
53056 53057 
54208 54209 
60676 60677 
72270 72271 
19814 19815 
26960 26961 
15794 15795 
33058 33059 
71030 71031 
37922 37923 
40102 40103 
26504 26505 
50238 50239 
47132 47133 
51292 51293 
68972 68973 
75462 75463 
62458 62459 
63106 63107 
63594 63595 
78788 78789 
68414 68415 
74626 74627 
41360 41361 
51690 51691 
51304 51305 
66106 66107 
74160 74161 
76552 76553 
54406 54407 
72096 72097 
47806 47807 
75746 75747 
71622 71623 
60836 60837 
58318 58319 
41968 41969 
75830 75831 
77086 77087 
31556 31557 
73020 73021 
58558 58559 
62558 62559 
62746 62747 
74646 74647 
45998 45999 
28846 28847 
46712 46713 
1220 1221 
39312 39313 
66156 66157 
54586 54587 
12496 12497 
40236 40237 
53748 53749 
41510 41511 
14676 14677 
49646 49647 
71908 71909 
77170 77171 
26494 26495 
66428 66429 
65530 65531 
29164 29165 
64676 64677 
31000 31001 
33806 33807 
39986 39987 
74876 74877 
65354 65355 
25498 25499 
37218 37219 
64428 64429 
69864 69865 
76288 76289 
12360 12361 
34804 34805 
37814 37815 
55032 55033 
42566 42567 
47352 47353 
75576 75577 
62446 62447 
49566 49567 
61792 61793 
65722 65723 
72322 72323 
54900 54901 
66950 66951 
68398 68399 
58692 58693 
43222 43223 
54138 54139 
68128 68129 
76442 76443 
61774 61775 
53592 53593 
70264 70265 
34442 34443 
36072 36073 
51956 51957 
39504 39505 
78970 78971 
72098 72099 
39280 39281 
62976 62977 
75584 75585 
29468 29469 
22600 22601 
4948 4949 
39250 39251 
66990 66991 
42816 42817 
76928 76929 
67394 67395 
34662 34663 
72858 72859 
28560 28561 
78794 78795 
69100 69101 
23804 23805 
27788 27789 
29708 29709 
52490 52491 
55754 55755 
38938 38939 
67338 67339 
68052 68053 
78464 78465 
76698 76699 
52268 52269 
73238 73239 
10136 10137 
49314 49315 
42924 42925 
56980 56981 
51358 51359 
15824 15825 
31162 31163 
818 819 
21216 21217 
60640 60641 
42880 42881 
79058 79059 
37278 37279 
50380 50381 
27464 27465 
14896 14897 
22216 22217 
72340 72341 
61470 61471 
46638 46639 
67430 67431 
11266 11267 
35340 35341 
44384 44385 
7504 7505 
77250 77251 
79854 79855 
14726 14727 
40482 40483 
64322 64323 
51802 51803 
76000 76001 
60924 60925 
43822 43823 
65942 65943 
17542 17543 
55790 55791 
68986 68987 
17330 17331 
58344 58345 
77894 77895 
78598 78599 
79022 79023 
60020 60021 
58080 58081 
37698 37699 
29414 29415 
67920 67921 
49122 49123 
39894 39895 
62612 62613 
27156 27157 
41306 41307 
78444 78445 
15796 15797 
79880 79881 
38824 38825 
78562 78563 
7742 7743 
73426 73427 
68906 68907 
52052 52053 
75194 75195 
41586 41587 
17260 17261 
21416 21417 
64744 64745 
22034 22035 
72350 72351 
74496 74497 
51168 51169 
70974 70975 
29328 29329 
54254 54255 
17780 17781 
68826 68827 
58056 58057 
29344 29345 
52062 52063 
9414 9415 
24948 24949 
14730 14731 
26520 26521 
73618 73619 
32684 32685 
16478 16479 
23236 23237 
53066 53067 
77746 77747 
56396 56397 
49104 49105 
4050 4051 
71072 71073 
78440 78441 
69922 69923 
77168 77169 
60284 60285 
71232 71233 
75660 75661 
69160 69161 
70616 70617 
75958 75959 
60826 60827 
14814 14815 
56156 56157 
21118 21119 
1194 1195 
38256 38257 
74612 74613 
42872 42873 
42248 42249 
64792 64793 
66128 66129 
22832 22833 
18716 18717 
59914 59915 
41582 41583 
43798 43799 
36528 36529 
5122 5123 
45792 45793 
60438 60439 
63802 63803 
20586 20587 
70336 70337 
33942 33943 
60018 60019 
3542 3543 
58164 58165 
69080 69081 
52082 52083 
46346 46347 
47180 47181 
39464 39465 
56452 56453 
40144 40145 
75288 75289 
60756 60757 
52374 52375 
31832 31833 
37214 37215 
61352 61353 
64596 64597 
24398 24399 
78476 78477 
67274 67275 
52004 52005 
73430 73431 
49718 49719 
69626 69627 
55206 55207 
51176 51177 
69250 69251 
75380 75381 
50912 50913 
61702 61703 
73302 73303 
31708 31709 
72318 72319 
53374 53375 
27522 27523 
23856 23857 
2630 2631 
77226 77227 
32956 32957 
62104 62105 
51608 51609 
9288 9289 
76298 76299 
31134 31135 
56306 56307 
40132 40133 
71394 71395 
78182 78183 
72184 72185 
75236 75237 
3978 3979 
52568 52569 
6016 6017 
60200 60201 
10026 10027 
77442 77443 
40090 40091 
54432 54433 
33340 33341 
53128 53129 
7614 7615 
76164 76165 
72134 72135 
69208 69209 
78368 78369 
32852 32853 
67392 67393 
49602 49603 
65886 65887 
38436 38437 
72428 72429 
60866 60867 
78790 78791 
74540 74541 
40534 40535 
67454 67455 
74576 74577 
16998 16999 
67458 67459 
67160 67161 
78646 78647 
77148 77149 
26122 26123 
64576 64577 
48808 48809 
27316 27317 
49982 49983 
57258 57259 
55146 55147 
52456 52457 
25692 25693 
22086 22087 
67738 67739 
78072 78073 
79460 79461 
70962 70963 
71410 71411 
64774 64775 
12914 12915 
8834 8835 
76602 76603 
49238 49239 
39034 39035 
45158 45159 
59630 59631 
51430 51431 
63602 63603 
46938 46939 
43844 43845 
34272 34273 
36188 36189 
55368 55369 
28978 28979 
72264 72265 
46452 46453 
56346 56347 
49132 49133 
64364 64365 
38868 38869 
18898 18899 
64590 64591 
35574 35575 
60546 60547 
69808 69809 
42482 42483 
74442 74443 
13874 13875 
12588 12589 
73264 73265 
59020 59021 
71024 71025 
69334 69335 
72300 72301 
29032 29033 
73538 73539 
68680 68681 
71884 71885 
63558 63559 
28512 28513 
47486 47487 
63448 63449 
19964 19965 
79692 79693 
27236 27237 
70110 70111 
71934 71935 
71648 71649 
74416 74417 
49176 49177 
70606 70607 
10998 10999 
70032 70033 
69814 69815 
27584 27585 
57174 57175 
35284 35285 
69580 69581 
69984 69985 
77964 77965 
10932 10933 
57012 57013 
71302 71303 
61856 61857 
8426 8427 
52856 52857 
404 405 
74608 74609 
37302 37303 
1928 1929 
40436 40437 
63462 63463 
74896 74897 
62384 62385 
9624 9625 
24944 24945 
45450 45451 
68212 68213 
28932 28933 
48780 48781 
63888 63889 
55762 55763 
32356 32357 
77092 77093 
57420 57421 
57700 57701 
73696 73697 
69186 69187 
4872 4873 
74534 74535 
62182 62183 
30340 30341 
58526 58527 
54648 54649 
67686 67687 
77758 77759 
79822 79823 
63328 63329 
67320 67321 
47998 47999 
73514 73515 
74658 74659 
22476 22477 
46222 46223 
61140 61141 
50290 50291 
42382 42383 
56926 56927 
57234 57235 
34834 34835 
52602 52603 
20164 20165 
27014 27015 
19422 19423 
24110 24111 
74936 74937 
69554 69555 
40604 40605 
73178 73179 
68710 68711 
454 455 
61488 61489 
76174 76175 
79454 79455 
60832 60833 
74722 74723 
42932 42933 
64510 64511 
30934 30935 
60746 60747 
45460 45461 
61622 61623 
13772 13773 
74824 74825 
73838 73839 
39342 39343 
12088 12089 
32814 32815 
57636 57637 
69748 69749 
73528 73529 
48154 48155 
37316 37317 
68608 68609 
65992 65993 
74524 74525 
40288 40289 
49272 49273 
53808 53809 
69798 69799 
9278 9279 
74228 74229 
51586 51587 
22684 22685 
48814 48815 
7872 7873 
18168 18169 
44686 44687 
13934 13935 
47876 47877 
71438 71439 
51740 51741 
49626 49627 
78052 78053 
38766 38767 
66664 66665 
39582 39583 
30412 30413 
40710 40711 
11706 11707 
56800 56801 
13546 13547 
73320 73321 
36804 36805 
61678 61679 
41802 41803 
62658 62659 
15382 15383 
47778 47779 
63680 63681 
78842 78843 
69782 69783 
63200 63201 
67816 67817 
62354 62355 
53766 53767 
47296 47297 
75562 75563 
21842 21843 
53982 53983 
6670 6671 
35584 35585 
20370 20371 
79290 79291 
27738 27739 
13576 13577 
38820 38821 
79572 79573 
6576 6577 
64306 64307 
59792 59793 
68168 68169 
27422 27423 
38722 38723 
17874 17875 
57958 57959 
55494 55495 
67736 67737 
71504 71505 
58882 58883 
70094 70095 
31184 31185 
57684 57685 
40734 40735 
16378 16379 
13634 13635 
36634 36635 
48898 48899 
56844 56845 
16112 16113 
68058 68059 
21354 21355 
19596 19597 
32250 32251 
76212 76213 
8256 8257 
67008 67009 
73304 73305 
72276 72277 
15330 15331 
11936 11937 
64594 64595 
47406 47407 
48436 48437 
43200 43201 
76132 76133 
74284 74285 
14660 14661 
58990 58991 
30916 30917 
75592 75593 
3376 3377 
33664 33665 
36588 36589 
30502 30503 
6372 6373 
73552 73553 
8128 8129 
17650 17651 
24038 24039 
45562 45563 
70652 70653 
55440 55441 
18200 18201 
35060 35061 
49950 49951 
51286 51287 
36798 36799 
73474 73475 
12590 12591 
67182 67183 
79524 79525 
21626 21627 
42488 42489 
26814 26815 
41870 41871 
27552 27553 
8802 8803 
60812 60813 
57634 57635 
59162 59163 
72530 72531 
33880 33881 
77188 77189 
75628 75629 
56818 56819 
30230 30231 
65510 65511 
61362 61363 
19572 19573 
49714 49715 
62872 62873 
34166 34167 
1964 1965 
73078 73079 
46744 46745 
56266 56267 
72656 72657 
39054 39055 
18576 18577 
45702 45703 
39018 39019 
5756 5757 
64742 64743 
62214 62215 
51784 51785 
64672 64673 
34392 34393 
14032 14033 
4618 4619 
48590 48591 
73336 73337 
69946 69947 
40152 40153 
30730 30731 
12874 12875 
32810 32811 
40946 40947 
36860 36861 
8720 8721 
62432 62433 
64974 64975 
6638 6639 
31506 31507 
5284 5285 
71480 71481 
66658 66659 
33926 33927 
61698 61699 
58678 58679 
45468 45469 
17884 17885 
35552 35553 
43000 43001 
31062 31063 
38148 38149 
72370 72371 
50392 50393 
42272 42273 
40300 40301 
56946 56947 
25414 25415 
46476 46477 
79998 79999 
73564 73565 
65444 65445 
8582 8583 
63534 63535 
73946 73947 
31118 31119 
27020 27021 
13292 13293 
34714 34715 
39262 39263 
70350 70351 
71336 71337 
58410 58411 
74266 74267 
65720 65721 
38288 38289 
35454 35455 
78314 78315 
63020 63021 
7548 7549 
50778 50779 
60842 60843 
43878 43879 
67426 67427 
24316 24317 
74888 74889 
35654 35655 
50004 50005 
79392 79393 
67696 67697 
42658 42659 
66408 66409 
44998 44999 
27258 27259 
17550 17551 
58408 58409 
36142 36143 
8076 8077 
35596 35597 
36408 36409 
52560 52561 
7214 7215 
24242 24243 
25724 25725 
19712 19713 
76182 76183 
14508 14509 
76880 76881 
71944 71945 
26524 26525 
22462 22463 
74672 74673 
13844 13845 
56410 56411 
67802 67803 
61812 61813 
326 327 
54886 54887 
69328 69329 
8996 8997 
74136 74137 
28092 28093 
79518 79519 
60158 60159 
67982 67983 
69224 69225 
63940 63941 
32400 32401 
78740 78741 
26566 26567 
40680 40681 
8072 8073 
47728 47729 
23188 23189 
73032 73033 
17236 17237 
1416 1417 
50280 50281 
66660 66661 
50010 50011 
61910 61911 
30570 30571 
28700 28701 
69674 69675 
46402 46403 
12098 12099 
52250 52251 
68644 68645 
79770 79771 
38772 38773 
79104 79105 
25356 25357 
69126 69127 
63054 63055 
66958 66959 
69442 69443 
1498 1499 
60398 60399 
60246 60247 
29326 29327 
49288 49289 
26616 26617 
23964 23965 
27278 27279 
29142 29143 
62488 62489 
59224 59225 
68074 68075 
61660 61661 
6728 6729 
52074 52075 
47020 47021 
44760 44761 
3654 3655 
79348 79349 
29790 29791 
1756 1757 
55616 55617 
58918 58919 
75320 75321 
71432 71433 
66778 66779 
23132 23133 
7518 7519 
50490 50491 
57942 57943 
1140 1141 
7362 7363 
71502 71503 
61948 61949 
55202 55203 
78198 78199 
4210 4211 
44968 44969 
42466 42467 
55126 55127 
79076 79077 
70580 70581 
50118 50119 
78020 78021 
77940 77941 
31964 31965 
75286 75287 
63058 63059 
23948 23949 
18136 18137 
76688 76689 
38562 38563 
77090 77091 
70566 70567 
34352 34353 
15936 15937 
43390 43391 
9454 9455 
68008 68009 
65624 65625 
28470 28471 
28162 28163 
25156 25157 
19988 19989 
54202 54203 
69120 69121 
52328 52329 
65814 65815 
51594 51595 
25174 25175 
79968 79969 
34134 34135 
18062 18063 
76606 76607 
86 87 
72914 72915 
43856 43857 
37014 37015 
9206 9207 
18454 18455 
52532 52533 
21124 21125 
15266 15267 
62352 62353 
39056 39057 
68946 68947 
29324 29325 
79758 79759 
69872 69873 
62490 62491 
156 157 
60060 60061 
61184 61185 
44324 44325 
30548 30549 
14918 14919 
29538 29539 
46244 46245 
37252 37253 
33696 33697 
41964 41965 
13580 13581 
68270 68271 
62950 62951 
55690 55691 
65316 65317 
52700 52701 
1618 1619 
53912 53913 
77426 77427 
77276 77277 
75866 75867 
60958 60959 
43530 43531 
69184 69185 
31994 31995 
41766 41767 
19156 19157 
10292 10293 
44270 44271 
47686 47687 
21624 21625 
44520 44521 
36922 36923 
68466 68467 
44404 44405 
74506 74507 
33620 33621 
70644 70645 
77204 77205 
10978 10979 
13548 13549 
71100 71101 
